10 0 0.02500000 0.0000 0
10 0 0.02500000 0.0000 1
10 0 0.02500000 0.0000 2
10 0 0.02500000 0.1053 0
10 0 0.02500000 0.1053 1
10 0 0.02500000 0.1053 2
10 0 0.02500000 0.2105 0
10 0 0.02500000 0.2105 1
10 0 0.02500000 0.2105 2
10 0 0.02500000 0.3158 0
10 0 0.02500000 0.3158 1
10 0 0.02500000 0.3158 2
10 0 0.02500000 0.4211 0
10 0 0.02500000 0.4211 1
10 0 0.02500000 0.4211 2
10 0 0.02500000 0.5263 0
10 0 0.02500000 0.5263 1
10 0 0.02500000 0.5263 2
10 0 0.02500000 0.6316 0
10 0 0.02500000 0.6316 1
10 0 0.02500000 0.6316 2
10 0 0.02500000 0.7368 0
10 0 0.02500000 0.7368 1
10 0 0.02500000 0.7368 2
10 0 0.02500000 0.8421 0
10 0 0.02500000 0.8421 1
10 0 0.02500000 0.8421 2
10 0 0.02500000 0.9474 0
10 0 0.02500000 0.9474 1
10 0 0.02500000 0.9474 2
10 0 0.02500000 1.0526 0
10 0 0.02500000 1.0526 1
10 0 0.02500000 1.0526 2
10 0 0.02500000 1.1579 0
10 0 0.02500000 1.1579 1
10 0 0.02500000 1.1579 2
10 0 0.02500000 1.2632 0
10 0 0.02500000 1.2632 1
10 0 0.02500000 1.2632 2
10 0 0.02500000 1.3684 0
10 0 0.02500000 1.3684 1
10 0 0.02500000 1.3684 2
10 0 0.02500000 1.4737 0
10 0 0.02500000 1.4737 1
10 0 0.02500000 1.4737 2
10 0 0.02500000 1.5789 0
10 0 0.02500000 1.5789 1
10 0 0.02500000 1.5789 2
10 0 0.02500000 1.6842 0
10 0 0.02500000 1.6842 1
10 0 0.02500000 1.6842 2
10 0 0.02500000 1.7895 0
10 0 0.02500000 1.7895 1
10 0 0.02500000 1.7895 2
10 0 0.02500000 1.8947 0
10 0 0.02500000 1.8947 1
10 0 0.02500000 1.8947 2
10 0 0.02500000 2.0000 0
10 0 0.02500000 2.0000 1
10 0 0.02500000 2.0000 2
10 0 0.05000000 0.0000 0
10 0 0.05000000 0.0000 1
10 0 0.05000000 0.0000 2
10 0 0.05000000 0.1053 0
10 0 0.05000000 0.1053 1
10 0 0.05000000 0.1053 2
10 0 0.05000000 0.2105 0
10 0 0.05000000 0.2105 1
10 0 0.05000000 0.2105 2
10 0 0.05000000 0.3158 0
10 0 0.05000000 0.3158 1
10 0 0.05000000 0.3158 2
10 0 0.05000000 0.4211 0
10 0 0.05000000 0.4211 1
10 0 0.05000000 0.4211 2
10 0 0.05000000 0.5263 0
10 0 0.05000000 0.5263 1
10 0 0.05000000 0.5263 2
10 0 0.05000000 0.6316 0
10 0 0.05000000 0.6316 1
10 0 0.05000000 0.6316 2
10 0 0.05000000 0.7368 0
10 0 0.05000000 0.7368 1
10 0 0.05000000 0.7368 2
10 0 0.05000000 0.8421 0
10 0 0.05000000 0.8421 1
10 0 0.05000000 0.8421 2
10 0 0.05000000 0.9474 0
10 0 0.05000000 0.9474 1
10 0 0.05000000 0.9474 2
10 0 0.05000000 1.0526 0
10 0 0.05000000 1.0526 1
10 0 0.05000000 1.0526 2
10 0 0.05000000 1.1579 0
10 0 0.05000000 1.1579 1
10 0 0.05000000 1.1579 2
10 0 0.05000000 1.2632 0
10 0 0.05000000 1.2632 1
10 0 0.05000000 1.2632 2
10 0 0.05000000 1.3684 0
10 0 0.05000000 1.3684 1
10 0 0.05000000 1.3684 2
10 0 0.05000000 1.4737 0
10 0 0.05000000 1.4737 1
10 0 0.05000000 1.4737 2
10 0 0.05000000 1.5789 0
10 0 0.05000000 1.5789 1
10 0 0.05000000 1.5789 2
10 0 0.05000000 1.6842 0
10 0 0.05000000 1.6842 1
10 0 0.05000000 1.6842 2
10 0 0.05000000 1.7895 0
10 0 0.05000000 1.7895 1
10 0 0.05000000 1.7895 2
10 0 0.05000000 1.8947 0
10 0 0.05000000 1.8947 1
10 0 0.05000000 1.8947 2
10 0 0.05000000 2.0000 0
10 0 0.05000000 2.0000 1
10 0 0.05000000 2.0000 2
10 0 0.10000000 0.0000 0
10 0 0.10000000 0.0000 1
10 0 0.10000000 0.0000 2
10 0 0.10000000 0.1053 0
10 0 0.10000000 0.1053 1
10 0 0.10000000 0.1053 2
10 0 0.10000000 0.2105 0
10 0 0.10000000 0.2105 1
10 0 0.10000000 0.2105 2
10 0 0.10000000 0.3158 0
10 0 0.10000000 0.3158 1
10 0 0.10000000 0.3158 2
10 0 0.10000000 0.4211 0
10 0 0.10000000 0.4211 1
10 0 0.10000000 0.4211 2
10 0 0.10000000 0.5263 0
10 0 0.10000000 0.5263 1
10 0 0.10000000 0.5263 2
10 0 0.10000000 0.6316 0
10 0 0.10000000 0.6316 1
10 0 0.10000000 0.6316 2
10 0 0.10000000 0.7368 0
10 0 0.10000000 0.7368 1
10 0 0.10000000 0.7368 2
10 0 0.10000000 0.8421 0
10 0 0.10000000 0.8421 1
10 0 0.10000000 0.8421 2
10 0 0.10000000 0.9474 0
10 0 0.10000000 0.9474 1
10 0 0.10000000 0.9474 2
10 0 0.10000000 1.0526 0
10 0 0.10000000 1.0526 1
10 0 0.10000000 1.0526 2
10 0 0.10000000 1.1579 0
10 0 0.10000000 1.1579 1
10 0 0.10000000 1.1579 2
10 0 0.10000000 1.2632 0
10 0 0.10000000 1.2632 1
10 0 0.10000000 1.2632 2
10 0 0.10000000 1.3684 0
10 0 0.10000000 1.3684 1
10 0 0.10000000 1.3684 2
10 0 0.10000000 1.4737 0
10 0 0.10000000 1.4737 1
10 0 0.10000000 1.4737 2
10 0 0.10000000 1.5789 0
10 0 0.10000000 1.5789 1
10 0 0.10000000 1.5789 2
10 0 0.10000000 1.6842 0
10 0 0.10000000 1.6842 1
10 0 0.10000000 1.6842 2
10 0 0.10000000 1.7895 0
10 0 0.10000000 1.7895 1
10 0 0.10000000 1.7895 2
10 0 0.10000000 1.8947 0
10 0 0.10000000 1.8947 1
10 0 0.10000000 1.8947 2
10 0 0.10000000 2.0000 0
10 0 0.10000000 2.0000 1
10 0 0.10000000 2.0000 2
10 0 0.20000000 0.0000 0
10 0 0.20000000 0.0000 1
10 0 0.20000000 0.0000 2
10 0 0.20000000 0.1053 0
10 0 0.20000000 0.1053 1
10 0 0.20000000 0.1053 2
10 0 0.20000000 0.2105 0
10 0 0.20000000 0.2105 1
10 0 0.20000000 0.2105 2
10 0 0.20000000 0.3158 0
10 0 0.20000000 0.3158 1
10 0 0.20000000 0.3158 2
10 0 0.20000000 0.4211 0
10 0 0.20000000 0.4211 1
10 0 0.20000000 0.4211 2
10 0 0.20000000 0.5263 0
10 0 0.20000000 0.5263 1
10 0 0.20000000 0.5263 2
10 0 0.20000000 0.6316 0
10 0 0.20000000 0.6316 1
10 0 0.20000000 0.6316 2
10 0 0.20000000 0.7368 0
10 0 0.20000000 0.7368 1
10 0 0.20000000 0.7368 2
10 0 0.20000000 0.8421 0
10 0 0.20000000 0.8421 1
10 0 0.20000000 0.8421 2
10 0 0.20000000 0.9474 0
10 0 0.20000000 0.9474 1
10 0 0.20000000 0.9474 2
10 0 0.20000000 1.0526 0
10 0 0.20000000 1.0526 1
10 0 0.20000000 1.0526 2
10 0 0.20000000 1.1579 0
10 0 0.20000000 1.1579 1
10 0 0.20000000 1.1579 2
10 0 0.20000000 1.2632 0
10 0 0.20000000 1.2632 1
10 0 0.20000000 1.2632 2
10 0 0.20000000 1.3684 0
10 0 0.20000000 1.3684 1
10 0 0.20000000 1.3684 2
10 0 0.20000000 1.4737 0
10 0 0.20000000 1.4737 1
10 0 0.20000000 1.4737 2
10 0 0.20000000 1.5789 0
10 0 0.20000000 1.5789 1
10 0 0.20000000 1.5789 2
10 0 0.20000000 1.6842 0
10 0 0.20000000 1.6842 1
10 0 0.20000000 1.6842 2
10 0 0.20000000 1.7895 0
10 0 0.20000000 1.7895 1
10 0 0.20000000 1.7895 2
10 0 0.20000000 1.8947 0
10 0 0.20000000 1.8947 1
10 0 0.20000000 1.8947 2
10 0 0.20000000 2.0000 0
10 0 0.20000000 2.0000 1
10 0 0.20000000 2.0000 2
10 2 0.02500000 0.0000 0
10 2 0.02500000 0.0000 1
10 2 0.02500000 0.0000 2
10 2 0.02500000 0.1053 0
10 2 0.02500000 0.1053 1
10 2 0.02500000 0.1053 2
10 2 0.02500000 0.2105 0
10 2 0.02500000 0.2105 1
10 2 0.02500000 0.2105 2
10 2 0.02500000 0.3158 0
10 2 0.02500000 0.3158 1
10 2 0.02500000 0.3158 2
10 2 0.02500000 0.4211 0
10 2 0.02500000 0.4211 1
10 2 0.02500000 0.4211 2
10 2 0.02500000 0.5263 0
10 2 0.02500000 0.5263 1
10 2 0.02500000 0.5263 2
10 2 0.02500000 0.6316 0
10 2 0.02500000 0.6316 1
10 2 0.02500000 0.6316 2
10 2 0.02500000 0.7368 0
10 2 0.02500000 0.7368 1
10 2 0.02500000 0.7368 2
10 2 0.02500000 0.8421 0
10 2 0.02500000 0.8421 1
10 2 0.02500000 0.8421 2
10 2 0.02500000 0.9474 0
10 2 0.02500000 0.9474 1
10 2 0.02500000 0.9474 2
10 2 0.02500000 1.0526 0
10 2 0.02500000 1.0526 1
10 2 0.02500000 1.0526 2
10 2 0.02500000 1.1579 0
10 2 0.02500000 1.1579 1
10 2 0.02500000 1.1579 2
10 2 0.02500000 1.2632 0
10 2 0.02500000 1.2632 1
10 2 0.02500000 1.2632 2
10 2 0.02500000 1.3684 0
10 2 0.02500000 1.3684 1
10 2 0.02500000 1.3684 2
10 2 0.02500000 1.4737 0
10 2 0.02500000 1.4737 1
10 2 0.02500000 1.4737 2
10 2 0.02500000 1.5789 0
10 2 0.02500000 1.5789 1
10 2 0.02500000 1.5789 2
10 2 0.02500000 1.6842 0
10 2 0.02500000 1.6842 1
10 2 0.02500000 1.6842 2
10 2 0.02500000 1.7895 0
10 2 0.02500000 1.7895 1
10 2 0.02500000 1.7895 2
10 2 0.02500000 1.8947 0
10 2 0.02500000 1.8947 1
10 2 0.02500000 1.8947 2
10 2 0.02500000 2.0000 0
10 2 0.02500000 2.0000 1
10 2 0.02500000 2.0000 2
10 2 0.05000000 0.0000 0
10 2 0.05000000 0.0000 1
10 2 0.05000000 0.0000 2
10 2 0.05000000 0.1053 0
10 2 0.05000000 0.1053 1
10 2 0.05000000 0.1053 2
10 2 0.05000000 0.2105 0
10 2 0.05000000 0.2105 1
10 2 0.05000000 0.2105 2
10 2 0.05000000 0.3158 0
10 2 0.05000000 0.3158 1
10 2 0.05000000 0.3158 2
10 2 0.05000000 0.4211 0
10 2 0.05000000 0.4211 1
10 2 0.05000000 0.4211 2
10 2 0.05000000 0.5263 0
10 2 0.05000000 0.5263 1
10 2 0.05000000 0.5263 2
10 2 0.05000000 0.6316 0
10 2 0.05000000 0.6316 1
10 2 0.05000000 0.6316 2
10 2 0.05000000 0.7368 0
10 2 0.05000000 0.7368 1
10 2 0.05000000 0.7368 2
10 2 0.05000000 0.8421 0
10 2 0.05000000 0.8421 1
10 2 0.05000000 0.8421 2
10 2 0.05000000 0.9474 0
10 2 0.05000000 0.9474 1
10 2 0.05000000 0.9474 2
10 2 0.05000000 1.0526 0
10 2 0.05000000 1.0526 1
10 2 0.05000000 1.0526 2
10 2 0.05000000 1.1579 0
10 2 0.05000000 1.1579 1
10 2 0.05000000 1.1579 2
10 2 0.05000000 1.2632 0
10 2 0.05000000 1.2632 1
10 2 0.05000000 1.2632 2
10 2 0.05000000 1.3684 0
10 2 0.05000000 1.3684 1
10 2 0.05000000 1.3684 2
10 2 0.05000000 1.4737 0
10 2 0.05000000 1.4737 1
10 2 0.05000000 1.4737 2
10 2 0.05000000 1.5789 0
10 2 0.05000000 1.5789 1
10 2 0.05000000 1.5789 2
10 2 0.05000000 1.6842 0
10 2 0.05000000 1.6842 1
10 2 0.05000000 1.6842 2
10 2 0.05000000 1.7895 0
10 2 0.05000000 1.7895 1
10 2 0.05000000 1.7895 2
10 2 0.05000000 1.8947 0
10 2 0.05000000 1.8947 1
10 2 0.05000000 1.8947 2
10 2 0.05000000 2.0000 0
10 2 0.05000000 2.0000 1
10 2 0.05000000 2.0000 2
10 2 0.10000000 0.0000 0
10 2 0.10000000 0.0000 1
10 2 0.10000000 0.0000 2
10 2 0.10000000 0.1053 0
10 2 0.10000000 0.1053 1
10 2 0.10000000 0.1053 2
10 2 0.10000000 0.2105 0
10 2 0.10000000 0.2105 1
10 2 0.10000000 0.2105 2
10 2 0.10000000 0.3158 0
10 2 0.10000000 0.3158 1
10 2 0.10000000 0.3158 2
10 2 0.10000000 0.4211 0
10 2 0.10000000 0.4211 1
10 2 0.10000000 0.4211 2
10 2 0.10000000 0.5263 0
10 2 0.10000000 0.5263 1
10 2 0.10000000 0.5263 2
10 2 0.10000000 0.6316 0
10 2 0.10000000 0.6316 1
10 2 0.10000000 0.6316 2
10 2 0.10000000 0.7368 0
10 2 0.10000000 0.7368 1
10 2 0.10000000 0.7368 2
10 2 0.10000000 0.8421 0
10 2 0.10000000 0.8421 1
10 2 0.10000000 0.8421 2
10 2 0.10000000 0.9474 0
10 2 0.10000000 0.9474 1
10 2 0.10000000 0.9474 2
10 2 0.10000000 1.0526 0
10 2 0.10000000 1.0526 1
10 2 0.10000000 1.0526 2
10 2 0.10000000 1.1579 0
10 2 0.10000000 1.1579 1
10 2 0.10000000 1.1579 2
10 2 0.10000000 1.2632 0
10 2 0.10000000 1.2632 1
10 2 0.10000000 1.2632 2
10 2 0.10000000 1.3684 0
10 2 0.10000000 1.3684 1
10 2 0.10000000 1.3684 2
10 2 0.10000000 1.4737 0
10 2 0.10000000 1.4737 1
10 2 0.10000000 1.4737 2
10 2 0.10000000 1.5789 0
10 2 0.10000000 1.5789 1
10 2 0.10000000 1.5789 2
10 2 0.10000000 1.6842 0
10 2 0.10000000 1.6842 1
10 2 0.10000000 1.6842 2
10 2 0.10000000 1.7895 0
10 2 0.10000000 1.7895 1
10 2 0.10000000 1.7895 2
10 2 0.10000000 1.8947 0
10 2 0.10000000 1.8947 1
10 2 0.10000000 1.8947 2
10 2 0.10000000 2.0000 0
10 2 0.10000000 2.0000 1
10 2 0.10000000 2.0000 2
10 2 0.20000000 0.0000 0
10 2 0.20000000 0.0000 1
10 2 0.20000000 0.0000 2
10 2 0.20000000 0.1053 0
10 2 0.20000000 0.1053 1
10 2 0.20000000 0.1053 2
10 2 0.20000000 0.2105 0
10 2 0.20000000 0.2105 1
10 2 0.20000000 0.2105 2
10 2 0.20000000 0.3158 0
10 2 0.20000000 0.3158 1
10 2 0.20000000 0.3158 2
10 2 0.20000000 0.4211 0
10 2 0.20000000 0.4211 1
10 2 0.20000000 0.4211 2
10 2 0.20000000 0.5263 0
10 2 0.20000000 0.5263 1
10 2 0.20000000 0.5263 2
10 2 0.20000000 0.6316 0
10 2 0.20000000 0.6316 1
10 2 0.20000000 0.6316 2
10 2 0.20000000 0.7368 0
10 2 0.20000000 0.7368 1
10 2 0.20000000 0.7368 2
10 2 0.20000000 0.8421 0
10 2 0.20000000 0.8421 1
10 2 0.20000000 0.8421 2
10 2 0.20000000 0.9474 0
10 2 0.20000000 0.9474 1
10 2 0.20000000 0.9474 2
10 2 0.20000000 1.0526 0
10 2 0.20000000 1.0526 1
10 2 0.20000000 1.0526 2
10 2 0.20000000 1.1579 0
10 2 0.20000000 1.1579 1
10 2 0.20000000 1.1579 2
10 2 0.20000000 1.2632 0
10 2 0.20000000 1.2632 1
10 2 0.20000000 1.2632 2
10 2 0.20000000 1.3684 0
10 2 0.20000000 1.3684 1
10 2 0.20000000 1.3684 2
10 2 0.20000000 1.4737 0
10 2 0.20000000 1.4737 1
10 2 0.20000000 1.4737 2
10 2 0.20000000 1.5789 0
10 2 0.20000000 1.5789 1
10 2 0.20000000 1.5789 2
10 2 0.20000000 1.6842 0
10 2 0.20000000 1.6842 1
10 2 0.20000000 1.6842 2
10 2 0.20000000 1.7895 0
10 2 0.20000000 1.7895 1
10 2 0.20000000 1.7895 2
10 2 0.20000000 1.8947 0
10 2 0.20000000 1.8947 1
10 2 0.20000000 1.8947 2
10 2 0.20000000 2.0000 0
10 2 0.20000000 2.0000 1
10 2 0.20000000 2.0000 2
