0.02500000 0.0000 
0.02500000 0.1053 
0.02500000 0.2105 
0.02500000 0.3158 
0.02500000 0.4211 
0.02500000 0.5263 
0.02500000 0.6316 
0.02500000 0.7368 
0.02500000 0.8421 
0.02500000 0.9474 
0.02500000 1.0526 
0.02500000 1.1579 
0.02500000 1.2632 
0.02500000 1.3684 
0.02500000 1.4737 
0.02500000 1.5789 
0.02500000 1.6842 
0.02500000 1.7895 
0.02500000 1.8947 
0.02500000 2.0000 
0.05000000 0.0000 
0.05000000 0.1053 
0.05000000 0.2105 
0.05000000 0.3158 
0.05000000 0.4211 
0.05000000 0.5263 
0.05000000 0.6316 
0.05000000 0.7368 
0.05000000 0.8421 
0.05000000 0.9474 
0.05000000 1.0526 
0.05000000 1.1579 
0.05000000 1.2632 
0.05000000 1.3684 
0.05000000 1.4737 
0.05000000 1.5789 
0.05000000 1.6842 
0.05000000 1.7895 
0.05000000 1.8947 
0.05000000 2.0000 
0.10000000 0.0000 
0.10000000 0.1053 
0.10000000 0.2105 
0.10000000 0.3158 
0.10000000 0.4211 
0.10000000 0.5263 
0.10000000 0.6316 
0.10000000 0.7368 
0.10000000 0.8421 
0.10000000 0.9474 
0.10000000 1.0526 
0.10000000 1.1579 
0.10000000 1.2632 
0.10000000 1.3684 
0.10000000 1.4737 
0.10000000 1.5789 
0.10000000 1.6842 
0.10000000 1.7895 
0.10000000 1.8947 
0.10000000 2.0000 
0.20000000 0.0000 
0.20000000 0.1053 
0.20000000 0.2105 
0.20000000 0.3158 
0.20000000 0.4211 
0.20000000 0.5263 
0.20000000 0.6316 
0.20000000 0.7368 
0.20000000 0.8421 
0.20000000 0.9474 
0.20000000 1.0526 
0.20000000 1.1579 
0.20000000 1.2632 
0.20000000 1.3684 
0.20000000 1.4737 
0.20000000 1.5789 
0.20000000 1.6842 
0.20000000 1.7895 
0.20000000 1.8947 
0.20000000 2.0000 
