0 8 0.20000000 0
0 8 0.20000000 1
0 8 0.20000000 2
0 8 0.20000000 3
0 8 0.20416667 0
0 8 0.20416667 1
0 8 0.20416667 2
0 8 0.20416667 3
0 8 0.20833333 0
0 8 0.20833333 1
0 8 0.20833333 2
0 8 0.20833333 3
0 8 0.21250000 0
0 8 0.21250000 1
0 8 0.21250000 2
0 8 0.21250000 3
0 8 0.21666667 0
0 8 0.21666667 1
0 8 0.21666667 2
0 8 0.21666667 3
0 8 0.22083333 0
0 8 0.22083333 1
0 8 0.22083333 2
0 8 0.22083333 3
0 8 0.22500000 0
0 8 0.22500000 1
0 8 0.22500000 2
0 8 0.22500000 3
0 8 0.22916667 0
0 8 0.22916667 1
0 8 0.22916667 2
0 8 0.22916667 3
0 8 0.23333333 0
0 8 0.23333333 1
0 8 0.23333333 2
0 8 0.23333333 3
0 8 0.23750000 0
0 8 0.23750000 1
0 8 0.23750000 2
0 8 0.23750000 3
0 8 0.24166667 0
0 8 0.24166667 1
0 8 0.24166667 2
0 8 0.24166667 3
0 8 0.24583333 0
0 8 0.24583333 1
0 8 0.24583333 2
0 8 0.24583333 3
0 8 0.25000000 0
0 8 0.25000000 1
0 8 0.25000000 2
0 8 0.25000000 3
0 8 0.25416667 0
0 8 0.25416667 1
0 8 0.25416667 2
0 8 0.25416667 3
0 8 0.25833333 0
0 8 0.25833333 1
0 8 0.25833333 2
0 8 0.25833333 3
0 8 0.26250000 0
0 8 0.26250000 1
0 8 0.26250000 2
0 8 0.26250000 3
0 8 0.26666667 0
0 8 0.26666667 1
0 8 0.26666667 2
0 8 0.26666667 3
0 8 0.27083333 0
0 8 0.27083333 1
0 8 0.27083333 2
0 8 0.27083333 3
0 8 0.27500000 0
0 8 0.27500000 1
0 8 0.27500000 2
0 8 0.27500000 3
0 8 0.27916667 0
0 8 0.27916667 1
0 8 0.27916667 2
0 8 0.27916667 3
0 8 0.28333333 0
0 8 0.28333333 1
0 8 0.28333333 2
0 8 0.28333333 3
0 8 0.28750000 0
0 8 0.28750000 1
0 8 0.28750000 2
0 8 0.28750000 3
0 8 0.29166667 0
0 8 0.29166667 1
0 8 0.29166667 2
0 8 0.29166667 3
0 8 0.29583333 0
0 8 0.29583333 1
0 8 0.29583333 2
0 8 0.29583333 3
0 8 0.30000000 0
0 8 0.30000000 1
0 8 0.30000000 2
0 8 0.30000000 3
0 10 0.20000000 0
0 10 0.20000000 1
0 10 0.20000000 2
0 10 0.20000000 3
0 10 0.20416667 0
0 10 0.20416667 1
0 10 0.20416667 2
0 10 0.20416667 3
0 10 0.20833333 0
0 10 0.20833333 1
0 10 0.20833333 2
0 10 0.20833333 3
0 10 0.21250000 0
0 10 0.21250000 1
0 10 0.21250000 2
0 10 0.21250000 3
0 10 0.21666667 0
0 10 0.21666667 1
0 10 0.21666667 2
0 10 0.21666667 3
0 10 0.22083333 0
0 10 0.22083333 1
0 10 0.22083333 2
0 10 0.22083333 3
0 10 0.22500000 0
0 10 0.22500000 1
0 10 0.22500000 2
0 10 0.22500000 3
0 10 0.22916667 0
0 10 0.22916667 1
0 10 0.22916667 2
0 10 0.22916667 3
0 10 0.23333333 0
0 10 0.23333333 1
0 10 0.23333333 2
0 10 0.23333333 3
0 10 0.23750000 0
0 10 0.23750000 1
0 10 0.23750000 2
0 10 0.23750000 3
0 10 0.24166667 0
0 10 0.24166667 1
0 10 0.24166667 2
0 10 0.24166667 3
0 10 0.24583333 0
0 10 0.24583333 1
0 10 0.24583333 2
0 10 0.24583333 3
0 10 0.25000000 0
0 10 0.25000000 1
0 10 0.25000000 2
0 10 0.25000000 3
0 10 0.25416667 0
0 10 0.25416667 1
0 10 0.25416667 2
0 10 0.25416667 3
0 10 0.25833333 0
0 10 0.25833333 1
0 10 0.25833333 2
0 10 0.25833333 3
0 10 0.26250000 0
0 10 0.26250000 1
0 10 0.26250000 2
0 10 0.26250000 3
0 10 0.26666667 0
0 10 0.26666667 1
0 10 0.26666667 2
0 10 0.26666667 3
0 10 0.27083333 0
0 10 0.27083333 1
0 10 0.27083333 2
0 10 0.27083333 3
0 10 0.27500000 0
0 10 0.27500000 1
0 10 0.27500000 2
0 10 0.27500000 3
0 10 0.27916667 0
0 10 0.27916667 1
0 10 0.27916667 2
0 10 0.27916667 3
0 10 0.28333333 0
0 10 0.28333333 1
0 10 0.28333333 2
0 10 0.28333333 3
0 10 0.28750000 0
0 10 0.28750000 1
0 10 0.28750000 2
0 10 0.28750000 3
0 10 0.29166667 0
0 10 0.29166667 1
0 10 0.29166667 2
0 10 0.29166667 3
0 10 0.29583333 0
0 10 0.29583333 1
0 10 0.29583333 2
0 10 0.29583333 3
0 10 0.30000000 0
0 10 0.30000000 1
0 10 0.30000000 2
0 10 0.30000000 3
0 12 0.20000000 0
0 12 0.20000000 1
0 12 0.20000000 2
0 12 0.20000000 3
0 12 0.20416667 0
0 12 0.20416667 1
0 12 0.20416667 2
0 12 0.20416667 3
0 12 0.20833333 0
0 12 0.20833333 1
0 12 0.20833333 2
0 12 0.20833333 3
0 12 0.21250000 0
0 12 0.21250000 1
0 12 0.21250000 2
0 12 0.21250000 3
0 12 0.21666667 0
0 12 0.21666667 1
0 12 0.21666667 2
0 12 0.21666667 3
0 12 0.22083333 0
0 12 0.22083333 1
0 12 0.22083333 2
0 12 0.22083333 3
0 12 0.22500000 0
0 12 0.22500000 1
0 12 0.22500000 2
0 12 0.22500000 3
0 12 0.22916667 0
0 12 0.22916667 1
0 12 0.22916667 2
0 12 0.22916667 3
0 12 0.23333333 0
0 12 0.23333333 1
0 12 0.23333333 2
0 12 0.23333333 3
0 12 0.23750000 0
0 12 0.23750000 1
0 12 0.23750000 2
0 12 0.23750000 3
0 12 0.24166667 0
0 12 0.24166667 1
0 12 0.24166667 2
0 12 0.24166667 3
0 12 0.24583333 0
0 12 0.24583333 1
0 12 0.24583333 2
0 12 0.24583333 3
0 12 0.25000000 0
0 12 0.25000000 1
0 12 0.25000000 2
0 12 0.25000000 3
0 12 0.25416667 0
0 12 0.25416667 1
0 12 0.25416667 2
0 12 0.25416667 3
0 12 0.25833333 0
0 12 0.25833333 1
0 12 0.25833333 2
0 12 0.25833333 3
0 12 0.26250000 0
0 12 0.26250000 1
0 12 0.26250000 2
0 12 0.26250000 3
0 12 0.26666667 0
0 12 0.26666667 1
0 12 0.26666667 2
0 12 0.26666667 3
0 12 0.27083333 0
0 12 0.27083333 1
0 12 0.27083333 2
0 12 0.27083333 3
0 12 0.27500000 0
0 12 0.27500000 1
0 12 0.27500000 2
0 12 0.27500000 3
0 12 0.27916667 0
0 12 0.27916667 1
0 12 0.27916667 2
0 12 0.27916667 3
0 12 0.28333333 0
0 12 0.28333333 1
0 12 0.28333333 2
0 12 0.28333333 3
0 12 0.28750000 0
0 12 0.28750000 1
0 12 0.28750000 2
0 12 0.28750000 3
0 12 0.29166667 0
0 12 0.29166667 1
0 12 0.29166667 2
0 12 0.29166667 3
0 12 0.29583333 0
0 12 0.29583333 1
0 12 0.29583333 2
0 12 0.29583333 3
0 12 0.30000000 0
0 12 0.30000000 1
0 12 0.30000000 2
0 12 0.30000000 3
2 8 0.20000000 0
2 8 0.20000000 1
2 8 0.20000000 2
2 8 0.20000000 3
2 8 0.20416667 0
2 8 0.20416667 1
2 8 0.20416667 2
2 8 0.20416667 3
2 8 0.20833333 0
2 8 0.20833333 1
2 8 0.20833333 2
2 8 0.20833333 3
2 8 0.21250000 0
2 8 0.21250000 1
2 8 0.21250000 2
2 8 0.21250000 3
2 8 0.21666667 0
2 8 0.21666667 1
2 8 0.21666667 2
2 8 0.21666667 3
2 8 0.22083333 0
2 8 0.22083333 1
2 8 0.22083333 2
2 8 0.22083333 3
2 8 0.22500000 0
2 8 0.22500000 1
2 8 0.22500000 2
2 8 0.22500000 3
2 8 0.22916667 0
2 8 0.22916667 1
2 8 0.22916667 2
2 8 0.22916667 3
2 8 0.23333333 0
2 8 0.23333333 1
2 8 0.23333333 2
2 8 0.23333333 3
2 8 0.23750000 0
2 8 0.23750000 1
2 8 0.23750000 2
2 8 0.23750000 3
2 8 0.24166667 0
2 8 0.24166667 1
2 8 0.24166667 2
2 8 0.24166667 3
2 8 0.24583333 0
2 8 0.24583333 1
2 8 0.24583333 2
2 8 0.24583333 3
2 8 0.25000000 0
2 8 0.25000000 1
2 8 0.25000000 2
2 8 0.25000000 3
2 8 0.25416667 0
2 8 0.25416667 1
2 8 0.25416667 2
2 8 0.25416667 3
2 8 0.25833333 0
2 8 0.25833333 1
2 8 0.25833333 2
2 8 0.25833333 3
2 8 0.26250000 0
2 8 0.26250000 1
2 8 0.26250000 2
2 8 0.26250000 3
2 8 0.26666667 0
2 8 0.26666667 1
2 8 0.26666667 2
2 8 0.26666667 3
2 8 0.27083333 0
2 8 0.27083333 1
2 8 0.27083333 2
2 8 0.27083333 3
2 8 0.27500000 0
2 8 0.27500000 1
2 8 0.27500000 2
2 8 0.27500000 3
2 8 0.27916667 0
2 8 0.27916667 1
2 8 0.27916667 2
2 8 0.27916667 3
2 8 0.28333333 0
2 8 0.28333333 1
2 8 0.28333333 2
2 8 0.28333333 3
2 8 0.28750000 0
2 8 0.28750000 1
2 8 0.28750000 2
2 8 0.28750000 3
2 8 0.29166667 0
2 8 0.29166667 1
2 8 0.29166667 2
2 8 0.29166667 3
2 8 0.29583333 0
2 8 0.29583333 1
2 8 0.29583333 2
2 8 0.29583333 3
2 8 0.30000000 0
2 8 0.30000000 1
2 8 0.30000000 2
2 8 0.30000000 3
2 10 0.20000000 0
2 10 0.20000000 1
2 10 0.20000000 2
2 10 0.20000000 3
2 10 0.20416667 0
2 10 0.20416667 1
2 10 0.20416667 2
2 10 0.20416667 3
2 10 0.20833333 0
2 10 0.20833333 1
2 10 0.20833333 2
2 10 0.20833333 3
2 10 0.21250000 0
2 10 0.21250000 1
2 10 0.21250000 2
2 10 0.21250000 3
2 10 0.21666667 0
2 10 0.21666667 1
2 10 0.21666667 2
2 10 0.21666667 3
2 10 0.22083333 0
2 10 0.22083333 1
2 10 0.22083333 2
2 10 0.22083333 3
2 10 0.22500000 0
2 10 0.22500000 1
2 10 0.22500000 2
2 10 0.22500000 3
2 10 0.22916667 0
2 10 0.22916667 1
2 10 0.22916667 2
2 10 0.22916667 3
2 10 0.23333333 0
2 10 0.23333333 1
2 10 0.23333333 2
2 10 0.23333333 3
2 10 0.23750000 0
2 10 0.23750000 1
2 10 0.23750000 2
2 10 0.23750000 3
2 10 0.24166667 0
2 10 0.24166667 1
2 10 0.24166667 2
2 10 0.24166667 3
2 10 0.24583333 0
2 10 0.24583333 1
2 10 0.24583333 2
2 10 0.24583333 3
2 10 0.25000000 0
2 10 0.25000000 1
2 10 0.25000000 2
2 10 0.25000000 3
2 10 0.25416667 0
2 10 0.25416667 1
2 10 0.25416667 2
2 10 0.25416667 3
2 10 0.25833333 0
2 10 0.25833333 1
2 10 0.25833333 2
2 10 0.25833333 3
2 10 0.26250000 0
2 10 0.26250000 1
2 10 0.26250000 2
2 10 0.26250000 3
2 10 0.26666667 0
2 10 0.26666667 1
2 10 0.26666667 2
2 10 0.26666667 3
2 10 0.27083333 0
2 10 0.27083333 1
2 10 0.27083333 2
2 10 0.27083333 3
2 10 0.27500000 0
2 10 0.27500000 1
2 10 0.27500000 2
2 10 0.27500000 3
2 10 0.27916667 0
2 10 0.27916667 1
2 10 0.27916667 2
2 10 0.27916667 3
2 10 0.28333333 0
2 10 0.28333333 1
2 10 0.28333333 2
2 10 0.28333333 3
2 10 0.28750000 0
2 10 0.28750000 1
2 10 0.28750000 2
2 10 0.28750000 3
2 10 0.29166667 0
2 10 0.29166667 1
2 10 0.29166667 2
2 10 0.29166667 3
2 10 0.29583333 0
2 10 0.29583333 1
2 10 0.29583333 2
2 10 0.29583333 3
2 10 0.30000000 0
2 10 0.30000000 1
2 10 0.30000000 2
2 10 0.30000000 3
2 12 0.20000000 0
2 12 0.20000000 1
2 12 0.20000000 2
2 12 0.20000000 3
2 12 0.20416667 0
2 12 0.20416667 1
2 12 0.20416667 2
2 12 0.20416667 3
2 12 0.20833333 0
2 12 0.20833333 1
2 12 0.20833333 2
2 12 0.20833333 3
2 12 0.21250000 0
2 12 0.21250000 1
2 12 0.21250000 2
2 12 0.21250000 3
2 12 0.21666667 0
2 12 0.21666667 1
2 12 0.21666667 2
2 12 0.21666667 3
2 12 0.22083333 0
2 12 0.22083333 1
2 12 0.22083333 2
2 12 0.22083333 3
2 12 0.22500000 0
2 12 0.22500000 1
2 12 0.22500000 2
2 12 0.22500000 3
2 12 0.22916667 0
2 12 0.22916667 1
2 12 0.22916667 2
2 12 0.22916667 3
2 12 0.23333333 0
2 12 0.23333333 1
2 12 0.23333333 2
2 12 0.23333333 3
2 12 0.23750000 0
2 12 0.23750000 1
2 12 0.23750000 2
2 12 0.23750000 3
2 12 0.24166667 0
2 12 0.24166667 1
2 12 0.24166667 2
2 12 0.24166667 3
2 12 0.24583333 0
2 12 0.24583333 1
2 12 0.24583333 2
2 12 0.24583333 3
2 12 0.25000000 0
2 12 0.25000000 1
2 12 0.25000000 2
2 12 0.25000000 3
2 12 0.25416667 0
2 12 0.25416667 1
2 12 0.25416667 2
2 12 0.25416667 3
2 12 0.25833333 0
2 12 0.25833333 1
2 12 0.25833333 2
2 12 0.25833333 3
2 12 0.26250000 0
2 12 0.26250000 1
2 12 0.26250000 2
2 12 0.26250000 3
2 12 0.26666667 0
2 12 0.26666667 1
2 12 0.26666667 2
2 12 0.26666667 3
2 12 0.27083333 0
2 12 0.27083333 1
2 12 0.27083333 2
2 12 0.27083333 3
2 12 0.27500000 0
2 12 0.27500000 1
2 12 0.27500000 2
2 12 0.27500000 3
2 12 0.27916667 0
2 12 0.27916667 1
2 12 0.27916667 2
2 12 0.27916667 3
2 12 0.28333333 0
2 12 0.28333333 1
2 12 0.28333333 2
2 12 0.28333333 3
2 12 0.28750000 0
2 12 0.28750000 1
2 12 0.28750000 2
2 12 0.28750000 3
2 12 0.29166667 0
2 12 0.29166667 1
2 12 0.29166667 2
2 12 0.29166667 3
2 12 0.29583333 0
2 12 0.29583333 1
2 12 0.29583333 2
2 12 0.29583333 3
2 12 0.30000000 0
2 12 0.30000000 1
2 12 0.30000000 2
2 12 0.30000000 3
4 8 0.20000000 0
4 8 0.20000000 1
4 8 0.20000000 2
4 8 0.20000000 3
4 8 0.20416667 0
4 8 0.20416667 1
4 8 0.20416667 2
4 8 0.20416667 3
4 8 0.20833333 0
4 8 0.20833333 1
4 8 0.20833333 2
4 8 0.20833333 3
4 8 0.21250000 0
4 8 0.21250000 1
4 8 0.21250000 2
4 8 0.21250000 3
4 8 0.21666667 0
4 8 0.21666667 1
4 8 0.21666667 2
4 8 0.21666667 3
4 8 0.22083333 0
4 8 0.22083333 1
4 8 0.22083333 2
4 8 0.22083333 3
4 8 0.22500000 0
4 8 0.22500000 1
4 8 0.22500000 2
4 8 0.22500000 3
4 8 0.22916667 0
4 8 0.22916667 1
4 8 0.22916667 2
4 8 0.22916667 3
4 8 0.23333333 0
4 8 0.23333333 1
4 8 0.23333333 2
4 8 0.23333333 3
4 8 0.23750000 0
4 8 0.23750000 1
4 8 0.23750000 2
4 8 0.23750000 3
4 8 0.24166667 0
4 8 0.24166667 1
4 8 0.24166667 2
4 8 0.24166667 3
4 8 0.24583333 0
4 8 0.24583333 1
4 8 0.24583333 2
4 8 0.24583333 3
4 8 0.25000000 0
4 8 0.25000000 1
4 8 0.25000000 2
4 8 0.25000000 3
4 8 0.25416667 0
4 8 0.25416667 1
4 8 0.25416667 2
4 8 0.25416667 3
4 8 0.25833333 0
4 8 0.25833333 1
4 8 0.25833333 2
4 8 0.25833333 3
4 8 0.26250000 0
4 8 0.26250000 1
4 8 0.26250000 2
4 8 0.26250000 3
4 8 0.26666667 0
4 8 0.26666667 1
4 8 0.26666667 2
4 8 0.26666667 3
4 8 0.27083333 0
4 8 0.27083333 1
4 8 0.27083333 2
4 8 0.27083333 3
4 8 0.27500000 0
4 8 0.27500000 1
4 8 0.27500000 2
4 8 0.27500000 3
4 8 0.27916667 0
4 8 0.27916667 1
4 8 0.27916667 2
4 8 0.27916667 3
4 8 0.28333333 0
4 8 0.28333333 1
4 8 0.28333333 2
4 8 0.28333333 3
4 8 0.28750000 0
4 8 0.28750000 1
4 8 0.28750000 2
4 8 0.28750000 3
4 8 0.29166667 0
4 8 0.29166667 1
4 8 0.29166667 2
4 8 0.29166667 3
4 8 0.29583333 0
4 8 0.29583333 1
4 8 0.29583333 2
4 8 0.29583333 3
4 8 0.30000000 0
4 8 0.30000000 1
4 8 0.30000000 2
4 8 0.30000000 3
4 10 0.20000000 0
4 10 0.20000000 1
4 10 0.20000000 2
4 10 0.20000000 3
4 10 0.20416667 0
4 10 0.20416667 1
4 10 0.20416667 2
4 10 0.20416667 3
4 10 0.20833333 0
4 10 0.20833333 1
4 10 0.20833333 2
4 10 0.20833333 3
4 10 0.21250000 0
4 10 0.21250000 1
4 10 0.21250000 2
4 10 0.21250000 3
4 10 0.21666667 0
4 10 0.21666667 1
4 10 0.21666667 2
4 10 0.21666667 3
4 10 0.22083333 0
4 10 0.22083333 1
4 10 0.22083333 2
4 10 0.22083333 3
4 10 0.22500000 0
4 10 0.22500000 1
4 10 0.22500000 2
4 10 0.22500000 3
4 10 0.22916667 0
4 10 0.22916667 1
4 10 0.22916667 2
4 10 0.22916667 3
4 10 0.23333333 0
4 10 0.23333333 1
4 10 0.23333333 2
4 10 0.23333333 3
4 10 0.23750000 0
4 10 0.23750000 1
4 10 0.23750000 2
4 10 0.23750000 3
4 10 0.24166667 0
4 10 0.24166667 1
4 10 0.24166667 2
4 10 0.24166667 3
4 10 0.24583333 0
4 10 0.24583333 1
4 10 0.24583333 2
4 10 0.24583333 3
4 10 0.25000000 0
4 10 0.25000000 1
4 10 0.25000000 2
4 10 0.25000000 3
4 10 0.25416667 0
4 10 0.25416667 1
4 10 0.25416667 2
4 10 0.25416667 3
4 10 0.25833333 0
4 10 0.25833333 1
4 10 0.25833333 2
4 10 0.25833333 3
4 10 0.26250000 0
4 10 0.26250000 1
4 10 0.26250000 2
4 10 0.26250000 3
4 10 0.26666667 0
4 10 0.26666667 1
4 10 0.26666667 2
4 10 0.26666667 3
4 10 0.27083333 0
4 10 0.27083333 1
4 10 0.27083333 2
4 10 0.27083333 3
4 10 0.27500000 0
4 10 0.27500000 1
4 10 0.27500000 2
4 10 0.27500000 3
4 10 0.27916667 0
4 10 0.27916667 1
4 10 0.27916667 2
4 10 0.27916667 3
4 10 0.28333333 0
4 10 0.28333333 1
4 10 0.28333333 2
4 10 0.28333333 3
4 10 0.28750000 0
4 10 0.28750000 1
4 10 0.28750000 2
4 10 0.28750000 3
4 10 0.29166667 0
4 10 0.29166667 1
4 10 0.29166667 2
4 10 0.29166667 3
4 10 0.29583333 0
4 10 0.29583333 1
4 10 0.29583333 2
4 10 0.29583333 3
4 10 0.30000000 0
4 10 0.30000000 1
4 10 0.30000000 2
4 10 0.30000000 3
4 12 0.20000000 0
4 12 0.20000000 1
4 12 0.20000000 2
4 12 0.20000000 3
4 12 0.20416667 0
4 12 0.20416667 1
4 12 0.20416667 2
4 12 0.20416667 3
4 12 0.20833333 0
4 12 0.20833333 1
4 12 0.20833333 2
4 12 0.20833333 3
4 12 0.21250000 0
4 12 0.21250000 1
4 12 0.21250000 2
4 12 0.21250000 3
4 12 0.21666667 0
4 12 0.21666667 1
4 12 0.21666667 2
4 12 0.21666667 3
4 12 0.22083333 0
4 12 0.22083333 1
4 12 0.22083333 2
4 12 0.22083333 3
4 12 0.22500000 0
4 12 0.22500000 1
4 12 0.22500000 2
4 12 0.22500000 3
4 12 0.22916667 0
4 12 0.22916667 1
4 12 0.22916667 2
4 12 0.22916667 3
4 12 0.23333333 0
4 12 0.23333333 1
4 12 0.23333333 2
4 12 0.23333333 3
4 12 0.23750000 0
4 12 0.23750000 1
4 12 0.23750000 2
4 12 0.23750000 3
4 12 0.24166667 0
4 12 0.24166667 1
4 12 0.24166667 2
4 12 0.24166667 3
4 12 0.24583333 0
4 12 0.24583333 1
4 12 0.24583333 2
4 12 0.24583333 3
4 12 0.25000000 0
4 12 0.25000000 1
4 12 0.25000000 2
4 12 0.25000000 3
4 12 0.25416667 0
4 12 0.25416667 1
4 12 0.25416667 2
4 12 0.25416667 3
4 12 0.25833333 0
4 12 0.25833333 1
4 12 0.25833333 2
4 12 0.25833333 3
4 12 0.26250000 0
4 12 0.26250000 1
4 12 0.26250000 2
4 12 0.26250000 3
4 12 0.26666667 0
4 12 0.26666667 1
4 12 0.26666667 2
4 12 0.26666667 3
4 12 0.27083333 0
4 12 0.27083333 1
4 12 0.27083333 2
4 12 0.27083333 3
4 12 0.27500000 0
4 12 0.27500000 1
4 12 0.27500000 2
4 12 0.27500000 3
4 12 0.27916667 0
4 12 0.27916667 1
4 12 0.27916667 2
4 12 0.27916667 3
4 12 0.28333333 0
4 12 0.28333333 1
4 12 0.28333333 2
4 12 0.28333333 3
4 12 0.28750000 0
4 12 0.28750000 1
4 12 0.28750000 2
4 12 0.28750000 3
4 12 0.29166667 0
4 12 0.29166667 1
4 12 0.29166667 2
4 12 0.29166667 3
4 12 0.29583333 0
4 12 0.29583333 1
4 12 0.29583333 2
4 12 0.29583333 3
4 12 0.30000000 0
4 12 0.30000000 1
4 12 0.30000000 2
4 12 0.30000000 3
