0.00000000
0.00405405
0.00810811
0.01216216
0.01621622
0.02027027
0.02432432
0.02837838
0.03243243
0.03648649
0.04054054
0.04459459
0.04864865
0.05270270
0.05675676
0.06081081
0.06486486
0.06891892
0.07297297
0.07702703
0.08108108
0.08513514
0.08918919
0.09324324
0.09729730
0.10135135
0.10540541
0.10945946
0.11351351
0.11756757
0.12162162
0.12567568
0.12972973
0.13378378
0.13783784
0.14189189
0.14594595
0.15000000
0.15405405
0.15810811
0.16216216
0.16621622
0.17027027
0.17432432
0.17837838
0.18243243
0.18648649
0.19054054
0.19459459
0.19864865
0.20270270
0.20675676
0.21081081
0.21486486
0.21891892
0.22297297
0.22702703
0.23108108
0.23513514
0.23918919
0.24324324
0.24729730
0.25135135
0.25540541
0.25945946
0.26351351
0.26756757
0.27162162
0.27567568
0.27972973
0.28378378
0.28783784
0.29189189
0.29594595
0.30000000
