2.0000 0.00000000 0
2.0000 0.00000000 1
2.0000 0.00000000 2
2.0000 0.00000000 3
2.0000 0.00408163 0
2.0000 0.00408163 1
2.0000 0.00408163 2
2.0000 0.00408163 3
2.0000 0.00816327 0
2.0000 0.00816327 1
2.0000 0.00816327 2
2.0000 0.00816327 3
2.0000 0.01224490 0
2.0000 0.01224490 1
2.0000 0.01224490 2
2.0000 0.01224490 3
2.0000 0.01632653 0
2.0000 0.01632653 1
2.0000 0.01632653 2
2.0000 0.01632653 3
2.0000 0.02040816 0
2.0000 0.02040816 1
2.0000 0.02040816 2
2.0000 0.02040816 3
2.0000 0.02448980 0
2.0000 0.02448980 1
2.0000 0.02448980 2
2.0000 0.02448980 3
2.0000 0.02857143 0
2.0000 0.02857143 1
2.0000 0.02857143 2
2.0000 0.02857143 3
2.0000 0.03265306 0
2.0000 0.03265306 1
2.0000 0.03265306 2
2.0000 0.03265306 3
2.0000 0.03673469 0
2.0000 0.03673469 1
2.0000 0.03673469 2
2.0000 0.03673469 3
2.0000 0.04081633 0
2.0000 0.04081633 1
2.0000 0.04081633 2
2.0000 0.04081633 3
2.0000 0.04489796 0
2.0000 0.04489796 1
2.0000 0.04489796 2
2.0000 0.04489796 3
2.0000 0.04897959 0
2.0000 0.04897959 1
2.0000 0.04897959 2
2.0000 0.04897959 3
2.0000 0.05306122 0
2.0000 0.05306122 1
2.0000 0.05306122 2
2.0000 0.05306122 3
2.0000 0.05714286 0
2.0000 0.05714286 1
2.0000 0.05714286 2
2.0000 0.05714286 3
2.0000 0.06122449 0
2.0000 0.06122449 1
2.0000 0.06122449 2
2.0000 0.06122449 3
2.0000 0.06530612 0
2.0000 0.06530612 1
2.0000 0.06530612 2
2.0000 0.06530612 3
2.0000 0.06938776 0
2.0000 0.06938776 1
2.0000 0.06938776 2
2.0000 0.06938776 3
2.0000 0.07346939 0
2.0000 0.07346939 1
2.0000 0.07346939 2
2.0000 0.07346939 3
2.0000 0.07755102 0
2.0000 0.07755102 1
2.0000 0.07755102 2
2.0000 0.07755102 3
2.0000 0.08163265 0
2.0000 0.08163265 1
2.0000 0.08163265 2
2.0000 0.08163265 3
2.0000 0.08571429 0
2.0000 0.08571429 1
2.0000 0.08571429 2
2.0000 0.08571429 3
2.0000 0.08979592 0
2.0000 0.08979592 1
2.0000 0.08979592 2
2.0000 0.08979592 3
2.0000 0.09387755 0
2.0000 0.09387755 1
2.0000 0.09387755 2
2.0000 0.09387755 3
2.0000 0.09795918 0
2.0000 0.09795918 1
2.0000 0.09795918 2
2.0000 0.09795918 3
2.0000 0.10204082 0
2.0000 0.10204082 1
2.0000 0.10204082 2
2.0000 0.10204082 3
2.0000 0.10612245 0
2.0000 0.10612245 1
2.0000 0.10612245 2
2.0000 0.10612245 3
2.0000 0.11020408 0
2.0000 0.11020408 1
2.0000 0.11020408 2
2.0000 0.11020408 3
2.0000 0.11428571 0
2.0000 0.11428571 1
2.0000 0.11428571 2
2.0000 0.11428571 3
2.0000 0.11836735 0
2.0000 0.11836735 1
2.0000 0.11836735 2
2.0000 0.11836735 3
2.0000 0.12244898 0
2.0000 0.12244898 1
2.0000 0.12244898 2
2.0000 0.12244898 3
2.0000 0.12653061 0
2.0000 0.12653061 1
2.0000 0.12653061 2
2.0000 0.12653061 3
2.0000 0.13061224 0
2.0000 0.13061224 1
2.0000 0.13061224 2
2.0000 0.13061224 3
2.0000 0.13469388 0
2.0000 0.13469388 1
2.0000 0.13469388 2
2.0000 0.13469388 3
2.0000 0.13877551 0
2.0000 0.13877551 1
2.0000 0.13877551 2
2.0000 0.13877551 3
2.0000 0.14285714 0
2.0000 0.14285714 1
2.0000 0.14285714 2
2.0000 0.14285714 3
2.0000 0.14693878 0
2.0000 0.14693878 1
2.0000 0.14693878 2
2.0000 0.14693878 3
2.0000 0.15102041 0
2.0000 0.15102041 1
2.0000 0.15102041 2
2.0000 0.15102041 3
2.0000 0.15510204 0
2.0000 0.15510204 1
2.0000 0.15510204 2
2.0000 0.15510204 3
2.0000 0.15918367 0
2.0000 0.15918367 1
2.0000 0.15918367 2
2.0000 0.15918367 3
2.0000 0.16326531 0
2.0000 0.16326531 1
2.0000 0.16326531 2
2.0000 0.16326531 3
2.0000 0.16734694 0
2.0000 0.16734694 1
2.0000 0.16734694 2
2.0000 0.16734694 3
2.0000 0.17142857 0
2.0000 0.17142857 1
2.0000 0.17142857 2
2.0000 0.17142857 3
2.0000 0.17551020 0
2.0000 0.17551020 1
2.0000 0.17551020 2
2.0000 0.17551020 3
2.0000 0.17959184 0
2.0000 0.17959184 1
2.0000 0.17959184 2
2.0000 0.17959184 3
2.0000 0.18367347 0
2.0000 0.18367347 1
2.0000 0.18367347 2
2.0000 0.18367347 3
2.0000 0.18775510 0
2.0000 0.18775510 1
2.0000 0.18775510 2
2.0000 0.18775510 3
2.0000 0.19183673 0
2.0000 0.19183673 1
2.0000 0.19183673 2
2.0000 0.19183673 3
2.0000 0.19591837 0
2.0000 0.19591837 1
2.0000 0.19591837 2
2.0000 0.19591837 3
2.0000 0.20000000 0
2.0000 0.20000000 1
2.0000 0.20000000 2
2.0000 0.20000000 3
