0.00000000
0.00434783
0.00869565
0.01304348
0.01739130
0.02173913
0.02608696
0.03043478
0.03478261
0.03913043
0.04347826
0.04782609
0.05217391
0.05652174
0.06086957
0.06521739
0.06956522
0.07391304
0.07826087
0.08260870
0.08695652
0.09130435
0.09565217
0.10000000
0.10434783
0.10869565
0.11304348
0.11739130
0.12173913
0.12608696
0.13043478
0.13478261
0.13913043
0.14347826
0.14782609
0.15217391
0.15652174
0.16086957
0.16521739
0.16956522
0.17391304
0.17826087
0.18260870
0.18695652
0.19130435
0.19565217
0.20000000
0.20434783
0.20869565
0.21304348
0.21739130
0.22173913
0.22608696
0.23043478
0.23478261
0.23913043
0.24347826
0.24782609
0.25217391
0.25652174
0.26086957
0.26521739
0.26956522
0.27391304
0.27826087
0.28260870
0.28695652
0.29130435
0.29565217
0.30000000
