8 2 0.00000000 0.5000 0
8 2 0.00000000 0.5000 1
8 2 0.00000000 0.5000 2
8 2 0.00000000 0.5000 3
8 2 0.00408163 0.5000 0
8 2 0.00408163 0.5000 1
8 2 0.00408163 0.5000 2
8 2 0.00408163 0.5000 3
8 2 0.00816327 0.5000 0
8 2 0.00816327 0.5000 1
8 2 0.00816327 0.5000 2
8 2 0.00816327 0.5000 3
8 2 0.01224490 0.5000 0
8 2 0.01224490 0.5000 1
8 2 0.01224490 0.5000 2
8 2 0.01224490 0.5000 3
8 2 0.01632653 0.5000 0
8 2 0.01632653 0.5000 1
8 2 0.01632653 0.5000 2
8 2 0.01632653 0.5000 3
8 2 0.02040816 0.5000 0
8 2 0.02040816 0.5000 1
8 2 0.02040816 0.5000 2
8 2 0.02040816 0.5000 3
8 2 0.02448980 0.5000 0
8 2 0.02448980 0.5000 1
8 2 0.02448980 0.5000 2
8 2 0.02448980 0.5000 3
8 2 0.02857143 0.5000 0
8 2 0.02857143 0.5000 1
8 2 0.02857143 0.5000 2
8 2 0.02857143 0.5000 3
8 2 0.03265306 0.5000 0
8 2 0.03265306 0.5000 1
8 2 0.03265306 0.5000 2
8 2 0.03265306 0.5000 3
8 2 0.03673469 0.5000 0
8 2 0.03673469 0.5000 1
8 2 0.03673469 0.5000 2
8 2 0.03673469 0.5000 3
8 2 0.04081633 0.5000 0
8 2 0.04081633 0.5000 1
8 2 0.04081633 0.5000 2
8 2 0.04081633 0.5000 3
8 2 0.04489796 0.5000 0
8 2 0.04489796 0.5000 1
8 2 0.04489796 0.5000 2
8 2 0.04489796 0.5000 3
8 2 0.04897959 0.5000 0
8 2 0.04897959 0.5000 1
8 2 0.04897959 0.5000 2
8 2 0.04897959 0.5000 3
8 2 0.05306122 0.5000 0
8 2 0.05306122 0.5000 1
8 2 0.05306122 0.5000 2
8 2 0.05306122 0.5000 3
8 2 0.05714286 0.5000 0
8 2 0.05714286 0.5000 1
8 2 0.05714286 0.5000 2
8 2 0.05714286 0.5000 3
8 2 0.06122449 0.5000 0
8 2 0.06122449 0.5000 1
8 2 0.06122449 0.5000 2
8 2 0.06122449 0.5000 3
8 2 0.06530612 0.5000 0
8 2 0.06530612 0.5000 1
8 2 0.06530612 0.5000 2
8 2 0.06530612 0.5000 3
8 2 0.06938776 0.5000 0
8 2 0.06938776 0.5000 1
8 2 0.06938776 0.5000 2
8 2 0.06938776 0.5000 3
8 2 0.07346939 0.5000 0
8 2 0.07346939 0.5000 1
8 2 0.07346939 0.5000 2
8 2 0.07346939 0.5000 3
8 2 0.07755102 0.5000 0
8 2 0.07755102 0.5000 1
8 2 0.07755102 0.5000 2
8 2 0.07755102 0.5000 3
8 2 0.08163265 0.5000 0
8 2 0.08163265 0.5000 1
8 2 0.08163265 0.5000 2
8 2 0.08163265 0.5000 3
8 2 0.08571429 0.5000 0
8 2 0.08571429 0.5000 1
8 2 0.08571429 0.5000 2
8 2 0.08571429 0.5000 3
8 2 0.08979592 0.5000 0
8 2 0.08979592 0.5000 1
8 2 0.08979592 0.5000 2
8 2 0.08979592 0.5000 3
8 2 0.09387755 0.5000 0
8 2 0.09387755 0.5000 1
8 2 0.09387755 0.5000 2
8 2 0.09387755 0.5000 3
8 2 0.09795918 0.5000 0
8 2 0.09795918 0.5000 1
8 2 0.09795918 0.5000 2
8 2 0.09795918 0.5000 3
8 2 0.10204082 0.5000 0
8 2 0.10204082 0.5000 1
8 2 0.10204082 0.5000 2
8 2 0.10204082 0.5000 3
8 2 0.10612245 0.5000 0
8 2 0.10612245 0.5000 1
8 2 0.10612245 0.5000 2
8 2 0.10612245 0.5000 3
8 2 0.11020408 0.5000 0
8 2 0.11020408 0.5000 1
8 2 0.11020408 0.5000 2
8 2 0.11020408 0.5000 3
8 2 0.11428571 0.5000 0
8 2 0.11428571 0.5000 1
8 2 0.11428571 0.5000 2
8 2 0.11428571 0.5000 3
8 2 0.11836735 0.5000 0
8 2 0.11836735 0.5000 1
8 2 0.11836735 0.5000 2
8 2 0.11836735 0.5000 3
8 2 0.12244898 0.5000 0
8 2 0.12244898 0.5000 1
8 2 0.12244898 0.5000 2
8 2 0.12244898 0.5000 3
8 2 0.12653061 0.5000 0
8 2 0.12653061 0.5000 1
8 2 0.12653061 0.5000 2
8 2 0.12653061 0.5000 3
8 2 0.13061224 0.5000 0
8 2 0.13061224 0.5000 1
8 2 0.13061224 0.5000 2
8 2 0.13061224 0.5000 3
8 2 0.13469388 0.5000 0
8 2 0.13469388 0.5000 1
8 2 0.13469388 0.5000 2
8 2 0.13469388 0.5000 3
8 2 0.13877551 0.5000 0
8 2 0.13877551 0.5000 1
8 2 0.13877551 0.5000 2
8 2 0.13877551 0.5000 3
8 2 0.14285714 0.5000 0
8 2 0.14285714 0.5000 1
8 2 0.14285714 0.5000 2
8 2 0.14285714 0.5000 3
8 2 0.14693878 0.5000 0
8 2 0.14693878 0.5000 1
8 2 0.14693878 0.5000 2
8 2 0.14693878 0.5000 3
8 2 0.15102041 0.5000 0
8 2 0.15102041 0.5000 1
8 2 0.15102041 0.5000 2
8 2 0.15102041 0.5000 3
8 2 0.15510204 0.5000 0
8 2 0.15510204 0.5000 1
8 2 0.15510204 0.5000 2
8 2 0.15510204 0.5000 3
8 2 0.15918367 0.5000 0
8 2 0.15918367 0.5000 1
8 2 0.15918367 0.5000 2
8 2 0.15918367 0.5000 3
8 2 0.16326531 0.5000 0
8 2 0.16326531 0.5000 1
8 2 0.16326531 0.5000 2
8 2 0.16326531 0.5000 3
8 2 0.16734694 0.5000 0
8 2 0.16734694 0.5000 1
8 2 0.16734694 0.5000 2
8 2 0.16734694 0.5000 3
8 2 0.17142857 0.5000 0
8 2 0.17142857 0.5000 1
8 2 0.17142857 0.5000 2
8 2 0.17142857 0.5000 3
8 2 0.17551020 0.5000 0
8 2 0.17551020 0.5000 1
8 2 0.17551020 0.5000 2
8 2 0.17551020 0.5000 3
8 2 0.17959184 0.5000 0
8 2 0.17959184 0.5000 1
8 2 0.17959184 0.5000 2
8 2 0.17959184 0.5000 3
8 2 0.18367347 0.5000 0
8 2 0.18367347 0.5000 1
8 2 0.18367347 0.5000 2
8 2 0.18367347 0.5000 3
8 2 0.18775510 0.5000 0
8 2 0.18775510 0.5000 1
8 2 0.18775510 0.5000 2
8 2 0.18775510 0.5000 3
8 2 0.19183673 0.5000 0
8 2 0.19183673 0.5000 1
8 2 0.19183673 0.5000 2
8 2 0.19183673 0.5000 3
8 2 0.19591837 0.5000 0
8 2 0.19591837 0.5000 1
8 2 0.19591837 0.5000 2
8 2 0.19591837 0.5000 3
8 2 0.20000000 0.5000 0
8 2 0.20000000 0.5000 1
8 2 0.20000000 0.5000 2
8 2 0.20000000 0.5000 3
10 2 0.00000000 0.5000 0
10 2 0.00000000 0.5000 1
10 2 0.00000000 0.5000 2
10 2 0.00000000 0.5000 3
10 2 0.00408163 0.5000 0
10 2 0.00408163 0.5000 1
10 2 0.00408163 0.5000 2
10 2 0.00408163 0.5000 3
10 2 0.00816327 0.5000 0
10 2 0.00816327 0.5000 1
10 2 0.00816327 0.5000 2
10 2 0.00816327 0.5000 3
10 2 0.01224490 0.5000 0
10 2 0.01224490 0.5000 1
10 2 0.01224490 0.5000 2
10 2 0.01224490 0.5000 3
10 2 0.01632653 0.5000 0
10 2 0.01632653 0.5000 1
10 2 0.01632653 0.5000 2
10 2 0.01632653 0.5000 3
10 2 0.02040816 0.5000 0
10 2 0.02040816 0.5000 1
10 2 0.02040816 0.5000 2
10 2 0.02040816 0.5000 3
10 2 0.02448980 0.5000 0
10 2 0.02448980 0.5000 1
10 2 0.02448980 0.5000 2
10 2 0.02448980 0.5000 3
10 2 0.02857143 0.5000 0
10 2 0.02857143 0.5000 1
10 2 0.02857143 0.5000 2
10 2 0.02857143 0.5000 3
10 2 0.03265306 0.5000 0
10 2 0.03265306 0.5000 1
10 2 0.03265306 0.5000 2
10 2 0.03265306 0.5000 3
10 2 0.03673469 0.5000 0
10 2 0.03673469 0.5000 1
10 2 0.03673469 0.5000 2
10 2 0.03673469 0.5000 3
10 2 0.04081633 0.5000 0
10 2 0.04081633 0.5000 1
10 2 0.04081633 0.5000 2
10 2 0.04081633 0.5000 3
10 2 0.04489796 0.5000 0
10 2 0.04489796 0.5000 1
10 2 0.04489796 0.5000 2
10 2 0.04489796 0.5000 3
10 2 0.04897959 0.5000 0
10 2 0.04897959 0.5000 1
10 2 0.04897959 0.5000 2
10 2 0.04897959 0.5000 3
10 2 0.05306122 0.5000 0
10 2 0.05306122 0.5000 1
10 2 0.05306122 0.5000 2
10 2 0.05306122 0.5000 3
10 2 0.05714286 0.5000 0
10 2 0.05714286 0.5000 1
10 2 0.05714286 0.5000 2
10 2 0.05714286 0.5000 3
10 2 0.06122449 0.5000 0
10 2 0.06122449 0.5000 1
10 2 0.06122449 0.5000 2
10 2 0.06122449 0.5000 3
10 2 0.06530612 0.5000 0
10 2 0.06530612 0.5000 1
10 2 0.06530612 0.5000 2
10 2 0.06530612 0.5000 3
10 2 0.06938776 0.5000 0
10 2 0.06938776 0.5000 1
10 2 0.06938776 0.5000 2
10 2 0.06938776 0.5000 3
10 2 0.07346939 0.5000 0
10 2 0.07346939 0.5000 1
10 2 0.07346939 0.5000 2
10 2 0.07346939 0.5000 3
10 2 0.07755102 0.5000 0
10 2 0.07755102 0.5000 1
10 2 0.07755102 0.5000 2
10 2 0.07755102 0.5000 3
10 2 0.08163265 0.5000 0
10 2 0.08163265 0.5000 1
10 2 0.08163265 0.5000 2
10 2 0.08163265 0.5000 3
10 2 0.08571429 0.5000 0
10 2 0.08571429 0.5000 1
10 2 0.08571429 0.5000 2
10 2 0.08571429 0.5000 3
10 2 0.08979592 0.5000 0
10 2 0.08979592 0.5000 1
10 2 0.08979592 0.5000 2
10 2 0.08979592 0.5000 3
10 2 0.09387755 0.5000 0
10 2 0.09387755 0.5000 1
10 2 0.09387755 0.5000 2
10 2 0.09387755 0.5000 3
10 2 0.09795918 0.5000 0
10 2 0.09795918 0.5000 1
10 2 0.09795918 0.5000 2
10 2 0.09795918 0.5000 3
10 2 0.10204082 0.5000 0
10 2 0.10204082 0.5000 1
10 2 0.10204082 0.5000 2
10 2 0.10204082 0.5000 3
10 2 0.10612245 0.5000 0
10 2 0.10612245 0.5000 1
10 2 0.10612245 0.5000 2
10 2 0.10612245 0.5000 3
10 2 0.11020408 0.5000 0
10 2 0.11020408 0.5000 1
10 2 0.11020408 0.5000 2
10 2 0.11020408 0.5000 3
10 2 0.11428571 0.5000 0
10 2 0.11428571 0.5000 1
10 2 0.11428571 0.5000 2
10 2 0.11428571 0.5000 3
10 2 0.11836735 0.5000 0
10 2 0.11836735 0.5000 1
10 2 0.11836735 0.5000 2
10 2 0.11836735 0.5000 3
10 2 0.12244898 0.5000 0
10 2 0.12244898 0.5000 1
10 2 0.12244898 0.5000 2
10 2 0.12244898 0.5000 3
10 2 0.12653061 0.5000 0
10 2 0.12653061 0.5000 1
10 2 0.12653061 0.5000 2
10 2 0.12653061 0.5000 3
10 2 0.13061224 0.5000 0
10 2 0.13061224 0.5000 1
10 2 0.13061224 0.5000 2
10 2 0.13061224 0.5000 3
10 2 0.13469388 0.5000 0
10 2 0.13469388 0.5000 1
10 2 0.13469388 0.5000 2
10 2 0.13469388 0.5000 3
10 2 0.13877551 0.5000 0
10 2 0.13877551 0.5000 1
10 2 0.13877551 0.5000 2
10 2 0.13877551 0.5000 3
10 2 0.14285714 0.5000 0
10 2 0.14285714 0.5000 1
10 2 0.14285714 0.5000 2
10 2 0.14285714 0.5000 3
10 2 0.14693878 0.5000 0
10 2 0.14693878 0.5000 1
10 2 0.14693878 0.5000 2
10 2 0.14693878 0.5000 3
10 2 0.15102041 0.5000 0
10 2 0.15102041 0.5000 1
10 2 0.15102041 0.5000 2
10 2 0.15102041 0.5000 3
10 2 0.15510204 0.5000 0
10 2 0.15510204 0.5000 1
10 2 0.15510204 0.5000 2
10 2 0.15510204 0.5000 3
10 2 0.15918367 0.5000 0
10 2 0.15918367 0.5000 1
10 2 0.15918367 0.5000 2
10 2 0.15918367 0.5000 3
10 2 0.16326531 0.5000 0
10 2 0.16326531 0.5000 1
10 2 0.16326531 0.5000 2
10 2 0.16326531 0.5000 3
10 2 0.16734694 0.5000 0
10 2 0.16734694 0.5000 1
10 2 0.16734694 0.5000 2
10 2 0.16734694 0.5000 3
10 2 0.17142857 0.5000 0
10 2 0.17142857 0.5000 1
10 2 0.17142857 0.5000 2
10 2 0.17142857 0.5000 3
10 2 0.17551020 0.5000 0
10 2 0.17551020 0.5000 1
10 2 0.17551020 0.5000 2
10 2 0.17551020 0.5000 3
10 2 0.17959184 0.5000 0
10 2 0.17959184 0.5000 1
10 2 0.17959184 0.5000 2
10 2 0.17959184 0.5000 3
10 2 0.18367347 0.5000 0
10 2 0.18367347 0.5000 1
10 2 0.18367347 0.5000 2
10 2 0.18367347 0.5000 3
10 2 0.18775510 0.5000 0
10 2 0.18775510 0.5000 1
10 2 0.18775510 0.5000 2
10 2 0.18775510 0.5000 3
10 2 0.19183673 0.5000 0
10 2 0.19183673 0.5000 1
10 2 0.19183673 0.5000 2
10 2 0.19183673 0.5000 3
10 2 0.19591837 0.5000 0
10 2 0.19591837 0.5000 1
10 2 0.19591837 0.5000 2
10 2 0.19591837 0.5000 3
10 2 0.20000000 0.5000 0
10 2 0.20000000 0.5000 1
10 2 0.20000000 0.5000 2
10 2 0.20000000 0.5000 3
12 2 0.00000000 0.5000 0
12 2 0.00000000 0.5000 1
12 2 0.00000000 0.5000 2
12 2 0.00000000 0.5000 3
12 2 0.00408163 0.5000 0
12 2 0.00408163 0.5000 1
12 2 0.00408163 0.5000 2
12 2 0.00408163 0.5000 3
12 2 0.00816327 0.5000 0
12 2 0.00816327 0.5000 1
12 2 0.00816327 0.5000 2
12 2 0.00816327 0.5000 3
12 2 0.01224490 0.5000 0
12 2 0.01224490 0.5000 1
12 2 0.01224490 0.5000 2
12 2 0.01224490 0.5000 3
12 2 0.01632653 0.5000 0
12 2 0.01632653 0.5000 1
12 2 0.01632653 0.5000 2
12 2 0.01632653 0.5000 3
12 2 0.02040816 0.5000 0
12 2 0.02040816 0.5000 1
12 2 0.02040816 0.5000 2
12 2 0.02040816 0.5000 3
12 2 0.02448980 0.5000 0
12 2 0.02448980 0.5000 1
12 2 0.02448980 0.5000 2
12 2 0.02448980 0.5000 3
12 2 0.02857143 0.5000 0
12 2 0.02857143 0.5000 1
12 2 0.02857143 0.5000 2
12 2 0.02857143 0.5000 3
12 2 0.03265306 0.5000 0
12 2 0.03265306 0.5000 1
12 2 0.03265306 0.5000 2
12 2 0.03265306 0.5000 3
12 2 0.03673469 0.5000 0
12 2 0.03673469 0.5000 1
12 2 0.03673469 0.5000 2
12 2 0.03673469 0.5000 3
12 2 0.04081633 0.5000 0
12 2 0.04081633 0.5000 1
12 2 0.04081633 0.5000 2
12 2 0.04081633 0.5000 3
12 2 0.04489796 0.5000 0
12 2 0.04489796 0.5000 1
12 2 0.04489796 0.5000 2
12 2 0.04489796 0.5000 3
12 2 0.04897959 0.5000 0
12 2 0.04897959 0.5000 1
12 2 0.04897959 0.5000 2
12 2 0.04897959 0.5000 3
12 2 0.05306122 0.5000 0
12 2 0.05306122 0.5000 1
12 2 0.05306122 0.5000 2
12 2 0.05306122 0.5000 3
12 2 0.05714286 0.5000 0
12 2 0.05714286 0.5000 1
12 2 0.05714286 0.5000 2
12 2 0.05714286 0.5000 3
12 2 0.06122449 0.5000 0
12 2 0.06122449 0.5000 1
12 2 0.06122449 0.5000 2
12 2 0.06122449 0.5000 3
12 2 0.06530612 0.5000 0
12 2 0.06530612 0.5000 1
12 2 0.06530612 0.5000 2
12 2 0.06530612 0.5000 3
12 2 0.06938776 0.5000 0
12 2 0.06938776 0.5000 1
12 2 0.06938776 0.5000 2
12 2 0.06938776 0.5000 3
12 2 0.07346939 0.5000 0
12 2 0.07346939 0.5000 1
12 2 0.07346939 0.5000 2
12 2 0.07346939 0.5000 3
12 2 0.07755102 0.5000 0
12 2 0.07755102 0.5000 1
12 2 0.07755102 0.5000 2
12 2 0.07755102 0.5000 3
12 2 0.08163265 0.5000 0
12 2 0.08163265 0.5000 1
12 2 0.08163265 0.5000 2
12 2 0.08163265 0.5000 3
12 2 0.08571429 0.5000 0
12 2 0.08571429 0.5000 1
12 2 0.08571429 0.5000 2
12 2 0.08571429 0.5000 3
12 2 0.08979592 0.5000 0
12 2 0.08979592 0.5000 1
12 2 0.08979592 0.5000 2
12 2 0.08979592 0.5000 3
12 2 0.09387755 0.5000 0
12 2 0.09387755 0.5000 1
12 2 0.09387755 0.5000 2
12 2 0.09387755 0.5000 3
12 2 0.09795918 0.5000 0
12 2 0.09795918 0.5000 1
12 2 0.09795918 0.5000 2
12 2 0.09795918 0.5000 3
12 2 0.10204082 0.5000 0
12 2 0.10204082 0.5000 1
12 2 0.10204082 0.5000 2
12 2 0.10204082 0.5000 3
12 2 0.10612245 0.5000 0
12 2 0.10612245 0.5000 1
12 2 0.10612245 0.5000 2
12 2 0.10612245 0.5000 3
12 2 0.11020408 0.5000 0
12 2 0.11020408 0.5000 1
12 2 0.11020408 0.5000 2
12 2 0.11020408 0.5000 3
12 2 0.11428571 0.5000 0
12 2 0.11428571 0.5000 1
12 2 0.11428571 0.5000 2
12 2 0.11428571 0.5000 3
12 2 0.11836735 0.5000 0
12 2 0.11836735 0.5000 1
12 2 0.11836735 0.5000 2
12 2 0.11836735 0.5000 3
12 2 0.12244898 0.5000 0
12 2 0.12244898 0.5000 1
12 2 0.12244898 0.5000 2
12 2 0.12244898 0.5000 3
12 2 0.12653061 0.5000 0
12 2 0.12653061 0.5000 1
12 2 0.12653061 0.5000 2
12 2 0.12653061 0.5000 3
12 2 0.13061224 0.5000 0
12 2 0.13061224 0.5000 1
12 2 0.13061224 0.5000 2
12 2 0.13061224 0.5000 3
12 2 0.13469388 0.5000 0
12 2 0.13469388 0.5000 1
12 2 0.13469388 0.5000 2
12 2 0.13469388 0.5000 3
12 2 0.13877551 0.5000 0
12 2 0.13877551 0.5000 1
12 2 0.13877551 0.5000 2
12 2 0.13877551 0.5000 3
12 2 0.14285714 0.5000 0
12 2 0.14285714 0.5000 1
12 2 0.14285714 0.5000 2
12 2 0.14285714 0.5000 3
12 2 0.14693878 0.5000 0
12 2 0.14693878 0.5000 1
12 2 0.14693878 0.5000 2
12 2 0.14693878 0.5000 3
12 2 0.15102041 0.5000 0
12 2 0.15102041 0.5000 1
12 2 0.15102041 0.5000 2
12 2 0.15102041 0.5000 3
12 2 0.15510204 0.5000 0
12 2 0.15510204 0.5000 1
12 2 0.15510204 0.5000 2
12 2 0.15510204 0.5000 3
12 2 0.15918367 0.5000 0
12 2 0.15918367 0.5000 1
12 2 0.15918367 0.5000 2
12 2 0.15918367 0.5000 3
12 2 0.16326531 0.5000 0
12 2 0.16326531 0.5000 1
12 2 0.16326531 0.5000 2
12 2 0.16326531 0.5000 3
12 2 0.16734694 0.5000 0
12 2 0.16734694 0.5000 1
12 2 0.16734694 0.5000 2
12 2 0.16734694 0.5000 3
12 2 0.17142857 0.5000 0
12 2 0.17142857 0.5000 1
12 2 0.17142857 0.5000 2
12 2 0.17142857 0.5000 3
12 2 0.17551020 0.5000 0
12 2 0.17551020 0.5000 1
12 2 0.17551020 0.5000 2
12 2 0.17551020 0.5000 3
12 2 0.17959184 0.5000 0
12 2 0.17959184 0.5000 1
12 2 0.17959184 0.5000 2
12 2 0.17959184 0.5000 3
12 2 0.18367347 0.5000 0
12 2 0.18367347 0.5000 1
12 2 0.18367347 0.5000 2
12 2 0.18367347 0.5000 3
12 2 0.18775510 0.5000 0
12 2 0.18775510 0.5000 1
12 2 0.18775510 0.5000 2
12 2 0.18775510 0.5000 3
12 2 0.19183673 0.5000 0
12 2 0.19183673 0.5000 1
12 2 0.19183673 0.5000 2
12 2 0.19183673 0.5000 3
12 2 0.19591837 0.5000 0
12 2 0.19591837 0.5000 1
12 2 0.19591837 0.5000 2
12 2 0.19591837 0.5000 3
12 2 0.20000000 0.5000 0
12 2 0.20000000 0.5000 1
12 2 0.20000000 0.5000 2
12 2 0.20000000 0.5000 3
