-3.5000
-3.3986
-3.2971
-3.1957
-3.0942
-2.9928
-2.8913
-2.7899
-2.6884
-2.5870
-2.4855
-2.3841
-2.2826
-2.1812
-2.0797
-1.9783
-1.8768
-1.7754
-1.6739
-1.5725
-1.4710
-1.3696
-1.2681
-1.1667
-1.0652
-0.9638
-0.8623
-0.7609
-0.6594
-0.5580
-0.4565
-0.3551
-0.2536
-0.1522
-0.0507
0.0507
0.1522
0.2536
0.3551
0.4565
0.5580
0.6594
0.7609
0.8623
0.9638
1.0652
1.1667
1.2681
1.3696
1.4710
1.5725
1.6739
1.7754
1.8768
1.9783
2.0797
2.1812
2.2826
2.3841
2.4855
2.5870
2.6884
2.7899
2.8913
2.9928
3.0942
3.1957
3.2971
3.3986
3.5000
