0 8 0.00000000 0
0 8 0.00000000 1
0 8 0.00000000 2
0 8 0.00000000 3
0 8 0.00408163 0
0 8 0.00408163 1
0 8 0.00408163 2
0 8 0.00408163 3
0 8 0.00816327 0
0 8 0.00816327 1
0 8 0.00816327 2
0 8 0.00816327 3
0 8 0.01224490 0
0 8 0.01224490 1
0 8 0.01224490 2
0 8 0.01224490 3
0 8 0.01632653 0
0 8 0.01632653 1
0 8 0.01632653 2
0 8 0.01632653 3
0 8 0.02040816 0
0 8 0.02040816 1
0 8 0.02040816 2
0 8 0.02040816 3
0 8 0.02448980 0
0 8 0.02448980 1
0 8 0.02448980 2
0 8 0.02448980 3
0 8 0.02857143 0
0 8 0.02857143 1
0 8 0.02857143 2
0 8 0.02857143 3
0 8 0.03265306 0
0 8 0.03265306 1
0 8 0.03265306 2
0 8 0.03265306 3
0 8 0.03673469 0
0 8 0.03673469 1
0 8 0.03673469 2
0 8 0.03673469 3
0 8 0.04081633 0
0 8 0.04081633 1
0 8 0.04081633 2
0 8 0.04081633 3
0 8 0.04489796 0
0 8 0.04489796 1
0 8 0.04489796 2
0 8 0.04489796 3
0 8 0.04897959 0
0 8 0.04897959 1
0 8 0.04897959 2
0 8 0.04897959 3
0 8 0.05306122 0
0 8 0.05306122 1
0 8 0.05306122 2
0 8 0.05306122 3
0 8 0.05714286 0
0 8 0.05714286 1
0 8 0.05714286 2
0 8 0.05714286 3
0 8 0.06122449 0
0 8 0.06122449 1
0 8 0.06122449 2
0 8 0.06122449 3
0 8 0.06530612 0
0 8 0.06530612 1
0 8 0.06530612 2
0 8 0.06530612 3
0 8 0.06938776 0
0 8 0.06938776 1
0 8 0.06938776 2
0 8 0.06938776 3
0 8 0.07346939 0
0 8 0.07346939 1
0 8 0.07346939 2
0 8 0.07346939 3
0 8 0.07755102 0
0 8 0.07755102 1
0 8 0.07755102 2
0 8 0.07755102 3
0 8 0.08163265 0
0 8 0.08163265 1
0 8 0.08163265 2
0 8 0.08163265 3
0 8 0.08571429 0
0 8 0.08571429 1
0 8 0.08571429 2
0 8 0.08571429 3
0 8 0.08979592 0
0 8 0.08979592 1
0 8 0.08979592 2
0 8 0.08979592 3
0 8 0.09387755 0
0 8 0.09387755 1
0 8 0.09387755 2
0 8 0.09387755 3
0 8 0.09795918 0
0 8 0.09795918 1
0 8 0.09795918 2
0 8 0.09795918 3
0 8 0.10204082 0
0 8 0.10204082 1
0 8 0.10204082 2
0 8 0.10204082 3
0 8 0.10612245 0
0 8 0.10612245 1
0 8 0.10612245 2
0 8 0.10612245 3
0 8 0.11020408 0
0 8 0.11020408 1
0 8 0.11020408 2
0 8 0.11020408 3
0 8 0.11428571 0
0 8 0.11428571 1
0 8 0.11428571 2
0 8 0.11428571 3
0 8 0.11836735 0
0 8 0.11836735 1
0 8 0.11836735 2
0 8 0.11836735 3
0 8 0.12244898 0
0 8 0.12244898 1
0 8 0.12244898 2
0 8 0.12244898 3
0 8 0.12653061 0
0 8 0.12653061 1
0 8 0.12653061 2
0 8 0.12653061 3
0 8 0.13061224 0
0 8 0.13061224 1
0 8 0.13061224 2
0 8 0.13061224 3
0 8 0.13469388 0
0 8 0.13469388 1
0 8 0.13469388 2
0 8 0.13469388 3
0 8 0.13877551 0
0 8 0.13877551 1
0 8 0.13877551 2
0 8 0.13877551 3
0 8 0.14285714 0
0 8 0.14285714 1
0 8 0.14285714 2
0 8 0.14285714 3
0 8 0.14693878 0
0 8 0.14693878 1
0 8 0.14693878 2
0 8 0.14693878 3
0 8 0.15102041 0
0 8 0.15102041 1
0 8 0.15102041 2
0 8 0.15102041 3
0 8 0.15510204 0
0 8 0.15510204 1
0 8 0.15510204 2
0 8 0.15510204 3
0 8 0.15918367 0
0 8 0.15918367 1
0 8 0.15918367 2
0 8 0.15918367 3
0 8 0.16326531 0
0 8 0.16326531 1
0 8 0.16326531 2
0 8 0.16326531 3
0 8 0.16734694 0
0 8 0.16734694 1
0 8 0.16734694 2
0 8 0.16734694 3
0 8 0.17142857 0
0 8 0.17142857 1
0 8 0.17142857 2
0 8 0.17142857 3
0 8 0.17551020 0
0 8 0.17551020 1
0 8 0.17551020 2
0 8 0.17551020 3
0 8 0.17959184 0
0 8 0.17959184 1
0 8 0.17959184 2
0 8 0.17959184 3
0 8 0.18367347 0
0 8 0.18367347 1
0 8 0.18367347 2
0 8 0.18367347 3
0 8 0.18775510 0
0 8 0.18775510 1
0 8 0.18775510 2
0 8 0.18775510 3
0 8 0.19183673 0
0 8 0.19183673 1
0 8 0.19183673 2
0 8 0.19183673 3
0 8 0.19591837 0
0 8 0.19591837 1
0 8 0.19591837 2
0 8 0.19591837 3
0 8 0.20000000 0
0 8 0.20000000 1
0 8 0.20000000 2
0 8 0.20000000 3
0 8 0.20416667 0
0 8 0.20416667 1
0 8 0.20416667 2
0 8 0.20416667 3
0 8 0.20833333 0
0 8 0.20833333 1
0 8 0.20833333 2
0 8 0.20833333 3
0 8 0.21250000 0
0 8 0.21250000 1
0 8 0.21250000 2
0 8 0.21250000 3
0 8 0.21666667 0
0 8 0.21666667 1
0 8 0.21666667 2
0 8 0.21666667 3
0 8 0.22083333 0
0 8 0.22083333 1
0 8 0.22083333 2
0 8 0.22083333 3
0 8 0.22500000 0
0 8 0.22500000 1
0 8 0.22500000 2
0 8 0.22500000 3
0 8 0.22916667 0
0 8 0.22916667 1
0 8 0.22916667 2
0 8 0.22916667 3
0 8 0.23333333 0
0 8 0.23333333 1
0 8 0.23333333 2
0 8 0.23333333 3
0 8 0.23750000 0
0 8 0.23750000 1
0 8 0.23750000 2
0 8 0.23750000 3
0 8 0.24166667 0
0 8 0.24166667 1
0 8 0.24166667 2
0 8 0.24166667 3
0 8 0.24583333 0
0 8 0.24583333 1
0 8 0.24583333 2
0 8 0.24583333 3
0 8 0.25000000 0
0 8 0.25000000 1
0 8 0.25000000 2
0 8 0.25000000 3
0 8 0.25416667 0
0 8 0.25416667 1
0 8 0.25416667 2
0 8 0.25416667 3
0 8 0.25833333 0
0 8 0.25833333 1
0 8 0.25833333 2
0 8 0.25833333 3
0 8 0.26250000 0
0 8 0.26250000 1
0 8 0.26250000 2
0 8 0.26250000 3
0 8 0.26666667 0
0 8 0.26666667 1
0 8 0.26666667 2
0 8 0.26666667 3
0 8 0.27083333 0
0 8 0.27083333 1
0 8 0.27083333 2
0 8 0.27083333 3
0 8 0.27500000 0
0 8 0.27500000 1
0 8 0.27500000 2
0 8 0.27500000 3
0 8 0.27916667 0
0 8 0.27916667 1
0 8 0.27916667 2
0 8 0.27916667 3
0 8 0.28333333 0
0 8 0.28333333 1
0 8 0.28333333 2
0 8 0.28333333 3
0 8 0.28750000 0
0 8 0.28750000 1
0 8 0.28750000 2
0 8 0.28750000 3
0 8 0.29166667 0
0 8 0.29166667 1
0 8 0.29166667 2
0 8 0.29166667 3
0 8 0.29583333 0
0 8 0.29583333 1
0 8 0.29583333 2
0 8 0.29583333 3
0 8 0.30000000 0
0 8 0.30000000 1
0 8 0.30000000 2
0 8 0.30000000 3
0 10 0.00000000 0
0 10 0.00000000 1
0 10 0.00000000 2
0 10 0.00000000 3
0 10 0.00408163 0
0 10 0.00408163 1
0 10 0.00408163 2
0 10 0.00408163 3
0 10 0.00816327 0
0 10 0.00816327 1
0 10 0.00816327 2
0 10 0.00816327 3
0 10 0.01224490 0
0 10 0.01224490 1
0 10 0.01224490 2
0 10 0.01224490 3
0 10 0.01632653 0
0 10 0.01632653 1
0 10 0.01632653 2
0 10 0.01632653 3
0 10 0.02040816 0
0 10 0.02040816 1
0 10 0.02040816 2
0 10 0.02040816 3
0 10 0.02448980 0
0 10 0.02448980 1
0 10 0.02448980 2
0 10 0.02448980 3
0 10 0.02857143 0
0 10 0.02857143 1
0 10 0.02857143 2
0 10 0.02857143 3
0 10 0.03265306 0
0 10 0.03265306 1
0 10 0.03265306 2
0 10 0.03265306 3
0 10 0.03673469 0
0 10 0.03673469 1
0 10 0.03673469 2
0 10 0.03673469 3
0 10 0.04081633 0
0 10 0.04081633 1
0 10 0.04081633 2
0 10 0.04081633 3
0 10 0.04489796 0
0 10 0.04489796 1
0 10 0.04489796 2
0 10 0.04489796 3
0 10 0.04897959 0
0 10 0.04897959 1
0 10 0.04897959 2
0 10 0.04897959 3
0 10 0.05306122 0
0 10 0.05306122 1
0 10 0.05306122 2
0 10 0.05306122 3
0 10 0.05714286 0
0 10 0.05714286 1
0 10 0.05714286 2
0 10 0.05714286 3
0 10 0.06122449 0
0 10 0.06122449 1
0 10 0.06122449 2
0 10 0.06122449 3
0 10 0.06530612 0
0 10 0.06530612 1
0 10 0.06530612 2
0 10 0.06530612 3
0 10 0.06938776 0
0 10 0.06938776 1
0 10 0.06938776 2
0 10 0.06938776 3
0 10 0.07346939 0
0 10 0.07346939 1
0 10 0.07346939 2
0 10 0.07346939 3
0 10 0.07755102 0
0 10 0.07755102 1
0 10 0.07755102 2
0 10 0.07755102 3
0 10 0.08163265 0
0 10 0.08163265 1
0 10 0.08163265 2
0 10 0.08163265 3
0 10 0.08571429 0
0 10 0.08571429 1
0 10 0.08571429 2
0 10 0.08571429 3
0 10 0.08979592 0
0 10 0.08979592 1
0 10 0.08979592 2
0 10 0.08979592 3
0 10 0.09387755 0
0 10 0.09387755 1
0 10 0.09387755 2
0 10 0.09387755 3
0 10 0.09795918 0
0 10 0.09795918 1
0 10 0.09795918 2
0 10 0.09795918 3
0 10 0.10204082 0
0 10 0.10204082 1
0 10 0.10204082 2
0 10 0.10204082 3
0 10 0.10612245 0
0 10 0.10612245 1
0 10 0.10612245 2
0 10 0.10612245 3
0 10 0.11020408 0
0 10 0.11020408 1
0 10 0.11020408 2
0 10 0.11020408 3
0 10 0.11428571 0
0 10 0.11428571 1
0 10 0.11428571 2
0 10 0.11428571 3
0 10 0.11836735 0
0 10 0.11836735 1
0 10 0.11836735 2
0 10 0.11836735 3
0 10 0.12244898 0
0 10 0.12244898 1
0 10 0.12244898 2
0 10 0.12244898 3
0 10 0.12653061 0
0 10 0.12653061 1
0 10 0.12653061 2
0 10 0.12653061 3
0 10 0.13061224 0
0 10 0.13061224 1
0 10 0.13061224 2
0 10 0.13061224 3
0 10 0.13469388 0
0 10 0.13469388 1
0 10 0.13469388 2
0 10 0.13469388 3
0 10 0.13877551 0
0 10 0.13877551 1
0 10 0.13877551 2
0 10 0.13877551 3
0 10 0.14285714 0
0 10 0.14285714 1
0 10 0.14285714 2
0 10 0.14285714 3
0 10 0.14693878 0
0 10 0.14693878 1
0 10 0.14693878 2
0 10 0.14693878 3
0 10 0.15102041 0
0 10 0.15102041 1
0 10 0.15102041 2
0 10 0.15102041 3
0 10 0.15510204 0
0 10 0.15510204 1
0 10 0.15510204 2
0 10 0.15510204 3
0 10 0.15918367 0
0 10 0.15918367 1
0 10 0.15918367 2
0 10 0.15918367 3
0 10 0.16326531 0
0 10 0.16326531 1
0 10 0.16326531 2
0 10 0.16326531 3
0 10 0.16734694 0
0 10 0.16734694 1
0 10 0.16734694 2
0 10 0.16734694 3
0 10 0.17142857 0
0 10 0.17142857 1
0 10 0.17142857 2
0 10 0.17142857 3
0 10 0.17551020 0
0 10 0.17551020 1
0 10 0.17551020 2
0 10 0.17551020 3
0 10 0.17959184 0
0 10 0.17959184 1
0 10 0.17959184 2
0 10 0.17959184 3
0 10 0.18367347 0
0 10 0.18367347 1
0 10 0.18367347 2
0 10 0.18367347 3
0 10 0.18775510 0
0 10 0.18775510 1
0 10 0.18775510 2
0 10 0.18775510 3
0 10 0.19183673 0
0 10 0.19183673 1
0 10 0.19183673 2
0 10 0.19183673 3
0 10 0.19591837 0
0 10 0.19591837 1
0 10 0.19591837 2
0 10 0.19591837 3
0 10 0.20000000 0
0 10 0.20000000 1
0 10 0.20000000 2
0 10 0.20000000 3
0 10 0.20416667 0
0 10 0.20416667 1
0 10 0.20416667 2
0 10 0.20416667 3
0 10 0.20833333 0
0 10 0.20833333 1
0 10 0.20833333 2
0 10 0.20833333 3
0 10 0.21250000 0
0 10 0.21250000 1
0 10 0.21250000 2
0 10 0.21250000 3
0 10 0.21666667 0
0 10 0.21666667 1
0 10 0.21666667 2
0 10 0.21666667 3
0 10 0.22083333 0
0 10 0.22083333 1
0 10 0.22083333 2
0 10 0.22083333 3
0 10 0.22500000 0
0 10 0.22500000 1
0 10 0.22500000 2
0 10 0.22500000 3
0 10 0.22916667 0
0 10 0.22916667 1
0 10 0.22916667 2
0 10 0.22916667 3
0 10 0.23333333 0
0 10 0.23333333 1
0 10 0.23333333 2
0 10 0.23333333 3
0 10 0.23750000 0
0 10 0.23750000 1
0 10 0.23750000 2
0 10 0.23750000 3
0 10 0.24166667 0
0 10 0.24166667 1
0 10 0.24166667 2
0 10 0.24166667 3
0 10 0.24583333 0
0 10 0.24583333 1
0 10 0.24583333 2
0 10 0.24583333 3
0 10 0.25000000 0
0 10 0.25000000 1
0 10 0.25000000 2
0 10 0.25000000 3
0 10 0.25416667 0
0 10 0.25416667 1
0 10 0.25416667 2
0 10 0.25416667 3
0 10 0.25833333 0
0 10 0.25833333 1
0 10 0.25833333 2
0 10 0.25833333 3
0 10 0.26250000 0
0 10 0.26250000 1
0 10 0.26250000 2
0 10 0.26250000 3
0 10 0.26666667 0
0 10 0.26666667 1
0 10 0.26666667 2
0 10 0.26666667 3
0 10 0.27083333 0
0 10 0.27083333 1
0 10 0.27083333 2
0 10 0.27083333 3
0 10 0.27500000 0
0 10 0.27500000 1
0 10 0.27500000 2
0 10 0.27500000 3
0 10 0.27916667 0
0 10 0.27916667 1
0 10 0.27916667 2
0 10 0.27916667 3
0 10 0.28333333 0
0 10 0.28333333 1
0 10 0.28333333 2
0 10 0.28333333 3
0 10 0.28750000 0
0 10 0.28750000 1
0 10 0.28750000 2
0 10 0.28750000 3
0 10 0.29166667 0
0 10 0.29166667 1
0 10 0.29166667 2
0 10 0.29166667 3
0 10 0.29583333 0
0 10 0.29583333 1
0 10 0.29583333 2
0 10 0.29583333 3
0 10 0.30000000 0
0 10 0.30000000 1
0 10 0.30000000 2
0 10 0.30000000 3
0 12 0.00000000 0
0 12 0.00000000 1
0 12 0.00000000 2
0 12 0.00000000 3
0 12 0.00408163 0
0 12 0.00408163 1
0 12 0.00408163 2
0 12 0.00408163 3
0 12 0.00816327 0
0 12 0.00816327 1
0 12 0.00816327 2
0 12 0.00816327 3
0 12 0.01224490 0
0 12 0.01224490 1
0 12 0.01224490 2
0 12 0.01224490 3
0 12 0.01632653 0
0 12 0.01632653 1
0 12 0.01632653 2
0 12 0.01632653 3
0 12 0.02040816 0
0 12 0.02040816 1
0 12 0.02040816 2
0 12 0.02040816 3
0 12 0.02448980 0
0 12 0.02448980 1
0 12 0.02448980 2
0 12 0.02448980 3
0 12 0.02857143 0
0 12 0.02857143 1
0 12 0.02857143 2
0 12 0.02857143 3
0 12 0.03265306 0
0 12 0.03265306 1
0 12 0.03265306 2
0 12 0.03265306 3
0 12 0.03673469 0
0 12 0.03673469 1
0 12 0.03673469 2
0 12 0.03673469 3
0 12 0.04081633 0
0 12 0.04081633 1
0 12 0.04081633 2
0 12 0.04081633 3
0 12 0.04489796 0
0 12 0.04489796 1
0 12 0.04489796 2
0 12 0.04489796 3
0 12 0.04897959 0
0 12 0.04897959 1
0 12 0.04897959 2
0 12 0.04897959 3
0 12 0.05306122 0
0 12 0.05306122 1
0 12 0.05306122 2
0 12 0.05306122 3
0 12 0.05714286 0
0 12 0.05714286 1
0 12 0.05714286 2
0 12 0.05714286 3
0 12 0.06122449 0
0 12 0.06122449 1
0 12 0.06122449 2
0 12 0.06122449 3
0 12 0.06530612 0
0 12 0.06530612 1
0 12 0.06530612 2
0 12 0.06530612 3
0 12 0.06938776 0
0 12 0.06938776 1
0 12 0.06938776 2
0 12 0.06938776 3
0 12 0.07346939 0
0 12 0.07346939 1
0 12 0.07346939 2
0 12 0.07346939 3
0 12 0.07755102 0
0 12 0.07755102 1
0 12 0.07755102 2
0 12 0.07755102 3
0 12 0.08163265 0
0 12 0.08163265 1
0 12 0.08163265 2
0 12 0.08163265 3
0 12 0.08571429 0
0 12 0.08571429 1
0 12 0.08571429 2
0 12 0.08571429 3
0 12 0.08979592 0
0 12 0.08979592 1
0 12 0.08979592 2
0 12 0.08979592 3
0 12 0.09387755 0
0 12 0.09387755 1
0 12 0.09387755 2
0 12 0.09387755 3
0 12 0.09795918 0
0 12 0.09795918 1
0 12 0.09795918 2
0 12 0.09795918 3
0 12 0.10204082 0
0 12 0.10204082 1
0 12 0.10204082 2
0 12 0.10204082 3
0 12 0.10612245 0
0 12 0.10612245 1
0 12 0.10612245 2
0 12 0.10612245 3
0 12 0.11020408 0
0 12 0.11020408 1
0 12 0.11020408 2
0 12 0.11020408 3
0 12 0.11428571 0
0 12 0.11428571 1
0 12 0.11428571 2
0 12 0.11428571 3
0 12 0.11836735 0
0 12 0.11836735 1
0 12 0.11836735 2
0 12 0.11836735 3
0 12 0.12244898 0
0 12 0.12244898 1
0 12 0.12244898 2
0 12 0.12244898 3
0 12 0.12653061 0
0 12 0.12653061 1
0 12 0.12653061 2
0 12 0.12653061 3
0 12 0.13061224 0
0 12 0.13061224 1
0 12 0.13061224 2
0 12 0.13061224 3
0 12 0.13469388 0
0 12 0.13469388 1
0 12 0.13469388 2
0 12 0.13469388 3
0 12 0.13877551 0
0 12 0.13877551 1
0 12 0.13877551 2
0 12 0.13877551 3
0 12 0.14285714 0
0 12 0.14285714 1
0 12 0.14285714 2
0 12 0.14285714 3
0 12 0.14693878 0
0 12 0.14693878 1
0 12 0.14693878 2
0 12 0.14693878 3
0 12 0.15102041 0
0 12 0.15102041 1
0 12 0.15102041 2
0 12 0.15102041 3
0 12 0.15510204 0
0 12 0.15510204 1
0 12 0.15510204 2
0 12 0.15510204 3
0 12 0.15918367 0
0 12 0.15918367 1
0 12 0.15918367 2
0 12 0.15918367 3
0 12 0.16326531 0
0 12 0.16326531 1
0 12 0.16326531 2
0 12 0.16326531 3
0 12 0.16734694 0
0 12 0.16734694 1
0 12 0.16734694 2
0 12 0.16734694 3
0 12 0.17142857 0
0 12 0.17142857 1
0 12 0.17142857 2
0 12 0.17142857 3
0 12 0.17551020 0
0 12 0.17551020 1
0 12 0.17551020 2
0 12 0.17551020 3
0 12 0.17959184 0
0 12 0.17959184 1
0 12 0.17959184 2
0 12 0.17959184 3
0 12 0.18367347 0
0 12 0.18367347 1
0 12 0.18367347 2
0 12 0.18367347 3
0 12 0.18775510 0
0 12 0.18775510 1
0 12 0.18775510 2
0 12 0.18775510 3
0 12 0.19183673 0
0 12 0.19183673 1
0 12 0.19183673 2
0 12 0.19183673 3
0 12 0.19591837 0
0 12 0.19591837 1
0 12 0.19591837 2
0 12 0.19591837 3
0 12 0.20000000 0
0 12 0.20000000 1
0 12 0.20000000 2
0 12 0.20000000 3
0 12 0.20416667 0
0 12 0.20416667 1
0 12 0.20416667 2
0 12 0.20416667 3
0 12 0.20833333 0
0 12 0.20833333 1
0 12 0.20833333 2
0 12 0.20833333 3
0 12 0.21250000 0
0 12 0.21250000 1
0 12 0.21250000 2
0 12 0.21250000 3
0 12 0.21666667 0
0 12 0.21666667 1
0 12 0.21666667 2
0 12 0.21666667 3
0 12 0.22083333 0
0 12 0.22083333 1
0 12 0.22083333 2
0 12 0.22083333 3
0 12 0.22500000 0
0 12 0.22500000 1
0 12 0.22500000 2
0 12 0.22500000 3
0 12 0.22916667 0
0 12 0.22916667 1
0 12 0.22916667 2
0 12 0.22916667 3
0 12 0.23333333 0
0 12 0.23333333 1
0 12 0.23333333 2
0 12 0.23333333 3
0 12 0.23750000 0
0 12 0.23750000 1
0 12 0.23750000 2
0 12 0.23750000 3
0 12 0.24166667 0
0 12 0.24166667 1
0 12 0.24166667 2
0 12 0.24166667 3
0 12 0.24583333 0
0 12 0.24583333 1
0 12 0.24583333 2
0 12 0.24583333 3
0 12 0.25000000 0
0 12 0.25000000 1
0 12 0.25000000 2
0 12 0.25000000 3
0 12 0.25416667 0
0 12 0.25416667 1
0 12 0.25416667 2
0 12 0.25416667 3
0 12 0.25833333 0
0 12 0.25833333 1
0 12 0.25833333 2
0 12 0.25833333 3
0 12 0.26250000 0
0 12 0.26250000 1
0 12 0.26250000 2
0 12 0.26250000 3
0 12 0.26666667 0
0 12 0.26666667 1
0 12 0.26666667 2
0 12 0.26666667 3
0 12 0.27083333 0
0 12 0.27083333 1
0 12 0.27083333 2
0 12 0.27083333 3
0 12 0.27500000 0
0 12 0.27500000 1
0 12 0.27500000 2
0 12 0.27500000 3
0 12 0.27916667 0
0 12 0.27916667 1
0 12 0.27916667 2
0 12 0.27916667 3
0 12 0.28333333 0
0 12 0.28333333 1
0 12 0.28333333 2
0 12 0.28333333 3
0 12 0.28750000 0
0 12 0.28750000 1
0 12 0.28750000 2
0 12 0.28750000 3
0 12 0.29166667 0
0 12 0.29166667 1
0 12 0.29166667 2
0 12 0.29166667 3
0 12 0.29583333 0
0 12 0.29583333 1
0 12 0.29583333 2
0 12 0.29583333 3
0 12 0.30000000 0
0 12 0.30000000 1
0 12 0.30000000 2
0 12 0.30000000 3
2 8 0.00000000 0
2 8 0.00000000 1
2 8 0.00000000 2
2 8 0.00000000 3
2 8 0.00408163 0
2 8 0.00408163 1
2 8 0.00408163 2
2 8 0.00408163 3
2 8 0.00816327 0
2 8 0.00816327 1
2 8 0.00816327 2
2 8 0.00816327 3
2 8 0.01224490 0
2 8 0.01224490 1
2 8 0.01224490 2
2 8 0.01224490 3
2 8 0.01632653 0
2 8 0.01632653 1
2 8 0.01632653 2
2 8 0.01632653 3
2 8 0.02040816 0
2 8 0.02040816 1
2 8 0.02040816 2
2 8 0.02040816 3
2 8 0.02448980 0
2 8 0.02448980 1
2 8 0.02448980 2
2 8 0.02448980 3
2 8 0.02857143 0
2 8 0.02857143 1
2 8 0.02857143 2
2 8 0.02857143 3
2 8 0.03265306 0
2 8 0.03265306 1
2 8 0.03265306 2
2 8 0.03265306 3
2 8 0.03673469 0
2 8 0.03673469 1
2 8 0.03673469 2
2 8 0.03673469 3
2 8 0.04081633 0
2 8 0.04081633 1
2 8 0.04081633 2
2 8 0.04081633 3
2 8 0.04489796 0
2 8 0.04489796 1
2 8 0.04489796 2
2 8 0.04489796 3
2 8 0.04897959 0
2 8 0.04897959 1
2 8 0.04897959 2
2 8 0.04897959 3
2 8 0.05306122 0
2 8 0.05306122 1
2 8 0.05306122 2
2 8 0.05306122 3
2 8 0.05714286 0
2 8 0.05714286 1
2 8 0.05714286 2
2 8 0.05714286 3
2 8 0.06122449 0
2 8 0.06122449 1
2 8 0.06122449 2
2 8 0.06122449 3
2 8 0.06530612 0
2 8 0.06530612 1
2 8 0.06530612 2
2 8 0.06530612 3
2 8 0.06938776 0
2 8 0.06938776 1
2 8 0.06938776 2
2 8 0.06938776 3
2 8 0.07346939 0
2 8 0.07346939 1
2 8 0.07346939 2
2 8 0.07346939 3
2 8 0.07755102 0
2 8 0.07755102 1
2 8 0.07755102 2
2 8 0.07755102 3
2 8 0.08163265 0
2 8 0.08163265 1
2 8 0.08163265 2
2 8 0.08163265 3
2 8 0.08571429 0
2 8 0.08571429 1
2 8 0.08571429 2
2 8 0.08571429 3
2 8 0.08979592 0
2 8 0.08979592 1
2 8 0.08979592 2
2 8 0.08979592 3
2 8 0.09387755 0
2 8 0.09387755 1
2 8 0.09387755 2
2 8 0.09387755 3
2 8 0.09795918 0
2 8 0.09795918 1
2 8 0.09795918 2
2 8 0.09795918 3
2 8 0.10204082 0
2 8 0.10204082 1
2 8 0.10204082 2
2 8 0.10204082 3
2 8 0.10612245 0
2 8 0.10612245 1
2 8 0.10612245 2
2 8 0.10612245 3
2 8 0.11020408 0
2 8 0.11020408 1
2 8 0.11020408 2
2 8 0.11020408 3
2 8 0.11428571 0
2 8 0.11428571 1
2 8 0.11428571 2
2 8 0.11428571 3
2 8 0.11836735 0
2 8 0.11836735 1
2 8 0.11836735 2
2 8 0.11836735 3
2 8 0.12244898 0
2 8 0.12244898 1
2 8 0.12244898 2
2 8 0.12244898 3
2 8 0.12653061 0
2 8 0.12653061 1
2 8 0.12653061 2
2 8 0.12653061 3
2 8 0.13061224 0
2 8 0.13061224 1
2 8 0.13061224 2
2 8 0.13061224 3
2 8 0.13469388 0
2 8 0.13469388 1
2 8 0.13469388 2
2 8 0.13469388 3
2 8 0.13877551 0
2 8 0.13877551 1
2 8 0.13877551 2
2 8 0.13877551 3
2 8 0.14285714 0
2 8 0.14285714 1
2 8 0.14285714 2
2 8 0.14285714 3
2 8 0.14693878 0
2 8 0.14693878 1
2 8 0.14693878 2
2 8 0.14693878 3
2 8 0.15102041 0
2 8 0.15102041 1
2 8 0.15102041 2
2 8 0.15102041 3
2 8 0.15510204 0
2 8 0.15510204 1
2 8 0.15510204 2
2 8 0.15510204 3
2 8 0.15918367 0
2 8 0.15918367 1
2 8 0.15918367 2
2 8 0.15918367 3
2 8 0.16326531 0
2 8 0.16326531 1
2 8 0.16326531 2
2 8 0.16326531 3
2 8 0.16734694 0
2 8 0.16734694 1
2 8 0.16734694 2
2 8 0.16734694 3
2 8 0.17142857 0
2 8 0.17142857 1
2 8 0.17142857 2
2 8 0.17142857 3
2 8 0.17551020 0
2 8 0.17551020 1
2 8 0.17551020 2
2 8 0.17551020 3
2 8 0.17959184 0
2 8 0.17959184 1
2 8 0.17959184 2
2 8 0.17959184 3
2 8 0.18367347 0
2 8 0.18367347 1
2 8 0.18367347 2
2 8 0.18367347 3
2 8 0.18775510 0
2 8 0.18775510 1
2 8 0.18775510 2
2 8 0.18775510 3
2 8 0.19183673 0
2 8 0.19183673 1
2 8 0.19183673 2
2 8 0.19183673 3
2 8 0.19591837 0
2 8 0.19591837 1
2 8 0.19591837 2
2 8 0.19591837 3
2 8 0.20000000 0
2 8 0.20000000 1
2 8 0.20000000 2
2 8 0.20000000 3
2 8 0.20416667 0
2 8 0.20416667 1
2 8 0.20416667 2
2 8 0.20416667 3
2 8 0.20833333 0
2 8 0.20833333 1
2 8 0.20833333 2
2 8 0.20833333 3
2 8 0.21250000 0
2 8 0.21250000 1
2 8 0.21250000 2
2 8 0.21250000 3
2 8 0.21666667 0
2 8 0.21666667 1
2 8 0.21666667 2
2 8 0.21666667 3
2 8 0.22083333 0
2 8 0.22083333 1
2 8 0.22083333 2
2 8 0.22083333 3
2 8 0.22500000 0
2 8 0.22500000 1
2 8 0.22500000 2
2 8 0.22500000 3
2 8 0.22916667 0
2 8 0.22916667 1
2 8 0.22916667 2
2 8 0.22916667 3
2 8 0.23333333 0
2 8 0.23333333 1
2 8 0.23333333 2
2 8 0.23333333 3
2 8 0.23750000 0
2 8 0.23750000 1
2 8 0.23750000 2
2 8 0.23750000 3
2 8 0.24166667 0
2 8 0.24166667 1
2 8 0.24166667 2
2 8 0.24166667 3
2 8 0.24583333 0
2 8 0.24583333 1
2 8 0.24583333 2
2 8 0.24583333 3
2 8 0.25000000 0
2 8 0.25000000 1
2 8 0.25000000 2
2 8 0.25000000 3
2 8 0.25416667 0
2 8 0.25416667 1
2 8 0.25416667 2
2 8 0.25416667 3
2 8 0.25833333 0
2 8 0.25833333 1
2 8 0.25833333 2
2 8 0.25833333 3
2 8 0.26250000 0
2 8 0.26250000 1
2 8 0.26250000 2
2 8 0.26250000 3
2 8 0.26666667 0
2 8 0.26666667 1
2 8 0.26666667 2
2 8 0.26666667 3
2 8 0.27083333 0
2 8 0.27083333 1
2 8 0.27083333 2
2 8 0.27083333 3
2 8 0.27500000 0
2 8 0.27500000 1
2 8 0.27500000 2
2 8 0.27500000 3
2 8 0.27916667 0
2 8 0.27916667 1
2 8 0.27916667 2
2 8 0.27916667 3
2 8 0.28333333 0
2 8 0.28333333 1
2 8 0.28333333 2
2 8 0.28333333 3
2 8 0.28750000 0
2 8 0.28750000 1
2 8 0.28750000 2
2 8 0.28750000 3
2 8 0.29166667 0
2 8 0.29166667 1
2 8 0.29166667 2
2 8 0.29166667 3
2 8 0.29583333 0
2 8 0.29583333 1
2 8 0.29583333 2
2 8 0.29583333 3
2 8 0.30000000 0
2 8 0.30000000 1
2 8 0.30000000 2
2 8 0.30000000 3
2 10 0.00000000 0
2 10 0.00000000 1
2 10 0.00000000 2
2 10 0.00000000 3
2 10 0.00408163 0
2 10 0.00408163 1
2 10 0.00408163 2
2 10 0.00408163 3
2 10 0.00816327 0
2 10 0.00816327 1
2 10 0.00816327 2
2 10 0.00816327 3
2 10 0.01224490 0
2 10 0.01224490 1
2 10 0.01224490 2
2 10 0.01224490 3
2 10 0.01632653 0
2 10 0.01632653 1
2 10 0.01632653 2
2 10 0.01632653 3
2 10 0.02040816 0
2 10 0.02040816 1
2 10 0.02040816 2
2 10 0.02040816 3
2 10 0.02448980 0
2 10 0.02448980 1
2 10 0.02448980 2
2 10 0.02448980 3
2 10 0.02857143 0
2 10 0.02857143 1
2 10 0.02857143 2
2 10 0.02857143 3
2 10 0.03265306 0
2 10 0.03265306 1
2 10 0.03265306 2
2 10 0.03265306 3
2 10 0.03673469 0
2 10 0.03673469 1
2 10 0.03673469 2
2 10 0.03673469 3
2 10 0.04081633 0
2 10 0.04081633 1
2 10 0.04081633 2
2 10 0.04081633 3
2 10 0.04489796 0
2 10 0.04489796 1
2 10 0.04489796 2
2 10 0.04489796 3
2 10 0.04897959 0
2 10 0.04897959 1
2 10 0.04897959 2
2 10 0.04897959 3
2 10 0.05306122 0
2 10 0.05306122 1
2 10 0.05306122 2
2 10 0.05306122 3
2 10 0.05714286 0
2 10 0.05714286 1
2 10 0.05714286 2
2 10 0.05714286 3
2 10 0.06122449 0
2 10 0.06122449 1
2 10 0.06122449 2
2 10 0.06122449 3
2 10 0.06530612 0
2 10 0.06530612 1
2 10 0.06530612 2
2 10 0.06530612 3
2 10 0.06938776 0
2 10 0.06938776 1
2 10 0.06938776 2
2 10 0.06938776 3
2 10 0.07346939 0
2 10 0.07346939 1
2 10 0.07346939 2
2 10 0.07346939 3
2 10 0.07755102 0
2 10 0.07755102 1
2 10 0.07755102 2
2 10 0.07755102 3
2 10 0.08163265 0
2 10 0.08163265 1
2 10 0.08163265 2
2 10 0.08163265 3
2 10 0.08571429 0
2 10 0.08571429 1
2 10 0.08571429 2
2 10 0.08571429 3
2 10 0.08979592 0
2 10 0.08979592 1
2 10 0.08979592 2
2 10 0.08979592 3
2 10 0.09387755 0
2 10 0.09387755 1
2 10 0.09387755 2
2 10 0.09387755 3
2 10 0.09795918 0
2 10 0.09795918 1
2 10 0.09795918 2
2 10 0.09795918 3
2 10 0.10204082 0
2 10 0.10204082 1
2 10 0.10204082 2
2 10 0.10204082 3
2 10 0.10612245 0
2 10 0.10612245 1
2 10 0.10612245 2
2 10 0.10612245 3
2 10 0.11020408 0
2 10 0.11020408 1
2 10 0.11020408 2
2 10 0.11020408 3
2 10 0.11428571 0
2 10 0.11428571 1
2 10 0.11428571 2
2 10 0.11428571 3
2 10 0.11836735 0
2 10 0.11836735 1
2 10 0.11836735 2
2 10 0.11836735 3
2 10 0.12244898 0
2 10 0.12244898 1
2 10 0.12244898 2
2 10 0.12244898 3
2 10 0.12653061 0
2 10 0.12653061 1
2 10 0.12653061 2
2 10 0.12653061 3
2 10 0.13061224 0
2 10 0.13061224 1
2 10 0.13061224 2
2 10 0.13061224 3
2 10 0.13469388 0
2 10 0.13469388 1
2 10 0.13469388 2
2 10 0.13469388 3
2 10 0.13877551 0
2 10 0.13877551 1
2 10 0.13877551 2
2 10 0.13877551 3
2 10 0.14285714 0
2 10 0.14285714 1
2 10 0.14285714 2
2 10 0.14285714 3
2 10 0.14693878 0
2 10 0.14693878 1
2 10 0.14693878 2
2 10 0.14693878 3
2 10 0.15102041 0
2 10 0.15102041 1
2 10 0.15102041 2
2 10 0.15102041 3
2 10 0.15510204 0
2 10 0.15510204 1
2 10 0.15510204 2
2 10 0.15510204 3
2 10 0.15918367 0
2 10 0.15918367 1
2 10 0.15918367 2
2 10 0.15918367 3
2 10 0.16326531 0
2 10 0.16326531 1
2 10 0.16326531 2
2 10 0.16326531 3
2 10 0.16734694 0
2 10 0.16734694 1
2 10 0.16734694 2
2 10 0.16734694 3
2 10 0.17142857 0
2 10 0.17142857 1
2 10 0.17142857 2
2 10 0.17142857 3
2 10 0.17551020 0
2 10 0.17551020 1
2 10 0.17551020 2
2 10 0.17551020 3
2 10 0.17959184 0
2 10 0.17959184 1
2 10 0.17959184 2
2 10 0.17959184 3
2 10 0.18367347 0
2 10 0.18367347 1
2 10 0.18367347 2
2 10 0.18367347 3
2 10 0.18775510 0
2 10 0.18775510 1
2 10 0.18775510 2
2 10 0.18775510 3
2 10 0.19183673 0
2 10 0.19183673 1
2 10 0.19183673 2
2 10 0.19183673 3
2 10 0.19591837 0
2 10 0.19591837 1
2 10 0.19591837 2
2 10 0.19591837 3
2 10 0.20000000 0
2 10 0.20000000 1
2 10 0.20000000 2
2 10 0.20000000 3
2 10 0.20416667 0
2 10 0.20416667 1
2 10 0.20416667 2
2 10 0.20416667 3
2 10 0.20833333 0
2 10 0.20833333 1
2 10 0.20833333 2
2 10 0.20833333 3
2 10 0.21250000 0
2 10 0.21250000 1
2 10 0.21250000 2
2 10 0.21250000 3
2 10 0.21666667 0
2 10 0.21666667 1
2 10 0.21666667 2
2 10 0.21666667 3
2 10 0.22083333 0
2 10 0.22083333 1
2 10 0.22083333 2
2 10 0.22083333 3
2 10 0.22500000 0
2 10 0.22500000 1
2 10 0.22500000 2
2 10 0.22500000 3
2 10 0.22916667 0
2 10 0.22916667 1
2 10 0.22916667 2
2 10 0.22916667 3
2 10 0.23333333 0
2 10 0.23333333 1
2 10 0.23333333 2
2 10 0.23333333 3
2 10 0.23750000 0
2 10 0.23750000 1
2 10 0.23750000 2
2 10 0.23750000 3
2 10 0.24166667 0
2 10 0.24166667 1
2 10 0.24166667 2
2 10 0.24166667 3
2 10 0.24583333 0
2 10 0.24583333 1
2 10 0.24583333 2
2 10 0.24583333 3
2 10 0.25000000 0
2 10 0.25000000 1
2 10 0.25000000 2
2 10 0.25000000 3
2 10 0.25416667 0
2 10 0.25416667 1
2 10 0.25416667 2
2 10 0.25416667 3
2 10 0.25833333 0
2 10 0.25833333 1
2 10 0.25833333 2
2 10 0.25833333 3
2 10 0.26250000 0
2 10 0.26250000 1
2 10 0.26250000 2
2 10 0.26250000 3
2 10 0.26666667 0
2 10 0.26666667 1
2 10 0.26666667 2
2 10 0.26666667 3
2 10 0.27083333 0
2 10 0.27083333 1
2 10 0.27083333 2
2 10 0.27083333 3
2 10 0.27500000 0
2 10 0.27500000 1
2 10 0.27500000 2
2 10 0.27500000 3
2 10 0.27916667 0
2 10 0.27916667 1
2 10 0.27916667 2
2 10 0.27916667 3
2 10 0.28333333 0
2 10 0.28333333 1
2 10 0.28333333 2
2 10 0.28333333 3
2 10 0.28750000 0
2 10 0.28750000 1
2 10 0.28750000 2
2 10 0.28750000 3
2 10 0.29166667 0
2 10 0.29166667 1
2 10 0.29166667 2
2 10 0.29166667 3
2 10 0.29583333 0
2 10 0.29583333 1
2 10 0.29583333 2
2 10 0.29583333 3
2 10 0.30000000 0
2 10 0.30000000 1
2 10 0.30000000 2
2 10 0.30000000 3
2 12 0.00000000 0
2 12 0.00000000 1
2 12 0.00000000 2
2 12 0.00000000 3
2 12 0.00408163 0
2 12 0.00408163 1
2 12 0.00408163 2
2 12 0.00408163 3
2 12 0.00816327 0
2 12 0.00816327 1
2 12 0.00816327 2
2 12 0.00816327 3
2 12 0.01224490 0
2 12 0.01224490 1
2 12 0.01224490 2
2 12 0.01224490 3
2 12 0.01632653 0
2 12 0.01632653 1
2 12 0.01632653 2
2 12 0.01632653 3
2 12 0.02040816 0
2 12 0.02040816 1
2 12 0.02040816 2
2 12 0.02040816 3
2 12 0.02448980 0
2 12 0.02448980 1
2 12 0.02448980 2
2 12 0.02448980 3
2 12 0.02857143 0
2 12 0.02857143 1
2 12 0.02857143 2
2 12 0.02857143 3
2 12 0.03265306 0
2 12 0.03265306 1
2 12 0.03265306 2
2 12 0.03265306 3
2 12 0.03673469 0
2 12 0.03673469 1
2 12 0.03673469 2
2 12 0.03673469 3
2 12 0.04081633 0
2 12 0.04081633 1
2 12 0.04081633 2
2 12 0.04081633 3
2 12 0.04489796 0
2 12 0.04489796 1
2 12 0.04489796 2
2 12 0.04489796 3
2 12 0.04897959 0
2 12 0.04897959 1
2 12 0.04897959 2
2 12 0.04897959 3
2 12 0.05306122 0
2 12 0.05306122 1
2 12 0.05306122 2
2 12 0.05306122 3
2 12 0.05714286 0
2 12 0.05714286 1
2 12 0.05714286 2
2 12 0.05714286 3
2 12 0.06122449 0
2 12 0.06122449 1
2 12 0.06122449 2
2 12 0.06122449 3
2 12 0.06530612 0
2 12 0.06530612 1
2 12 0.06530612 2
2 12 0.06530612 3
2 12 0.06938776 0
2 12 0.06938776 1
2 12 0.06938776 2
2 12 0.06938776 3
2 12 0.07346939 0
2 12 0.07346939 1
2 12 0.07346939 2
2 12 0.07346939 3
2 12 0.07755102 0
2 12 0.07755102 1
2 12 0.07755102 2
2 12 0.07755102 3
2 12 0.08163265 0
2 12 0.08163265 1
2 12 0.08163265 2
2 12 0.08163265 3
2 12 0.08571429 0
2 12 0.08571429 1
2 12 0.08571429 2
2 12 0.08571429 3
2 12 0.08979592 0
2 12 0.08979592 1
2 12 0.08979592 2
2 12 0.08979592 3
2 12 0.09387755 0
2 12 0.09387755 1
2 12 0.09387755 2
2 12 0.09387755 3
2 12 0.09795918 0
2 12 0.09795918 1
2 12 0.09795918 2
2 12 0.09795918 3
2 12 0.10204082 0
2 12 0.10204082 1
2 12 0.10204082 2
2 12 0.10204082 3
2 12 0.10612245 0
2 12 0.10612245 1
2 12 0.10612245 2
2 12 0.10612245 3
2 12 0.11020408 0
2 12 0.11020408 1
2 12 0.11020408 2
2 12 0.11020408 3
2 12 0.11428571 0
2 12 0.11428571 1
2 12 0.11428571 2
2 12 0.11428571 3
2 12 0.11836735 0
2 12 0.11836735 1
2 12 0.11836735 2
2 12 0.11836735 3
2 12 0.12244898 0
2 12 0.12244898 1
2 12 0.12244898 2
2 12 0.12244898 3
2 12 0.12653061 0
2 12 0.12653061 1
2 12 0.12653061 2
2 12 0.12653061 3
2 12 0.13061224 0
2 12 0.13061224 1
2 12 0.13061224 2
2 12 0.13061224 3
2 12 0.13469388 0
2 12 0.13469388 1
2 12 0.13469388 2
2 12 0.13469388 3
2 12 0.13877551 0
2 12 0.13877551 1
2 12 0.13877551 2
2 12 0.13877551 3
2 12 0.14285714 0
2 12 0.14285714 1
2 12 0.14285714 2
2 12 0.14285714 3
2 12 0.14693878 0
2 12 0.14693878 1
2 12 0.14693878 2
2 12 0.14693878 3
2 12 0.15102041 0
2 12 0.15102041 1
2 12 0.15102041 2
2 12 0.15102041 3
2 12 0.15510204 0
2 12 0.15510204 1
2 12 0.15510204 2
2 12 0.15510204 3
2 12 0.15918367 0
2 12 0.15918367 1
2 12 0.15918367 2
2 12 0.15918367 3
2 12 0.16326531 0
2 12 0.16326531 1
2 12 0.16326531 2
2 12 0.16326531 3
2 12 0.16734694 0
2 12 0.16734694 1
2 12 0.16734694 2
2 12 0.16734694 3
2 12 0.17142857 0
2 12 0.17142857 1
2 12 0.17142857 2
2 12 0.17142857 3
2 12 0.17551020 0
2 12 0.17551020 1
2 12 0.17551020 2
2 12 0.17551020 3
2 12 0.17959184 0
2 12 0.17959184 1
2 12 0.17959184 2
2 12 0.17959184 3
2 12 0.18367347 0
2 12 0.18367347 1
2 12 0.18367347 2
2 12 0.18367347 3
2 12 0.18775510 0
2 12 0.18775510 1
2 12 0.18775510 2
2 12 0.18775510 3
2 12 0.19183673 0
2 12 0.19183673 1
2 12 0.19183673 2
2 12 0.19183673 3
2 12 0.19591837 0
2 12 0.19591837 1
2 12 0.19591837 2
2 12 0.19591837 3
2 12 0.20000000 0
2 12 0.20000000 1
2 12 0.20000000 2
2 12 0.20000000 3
2 12 0.20416667 0
2 12 0.20416667 1
2 12 0.20416667 2
2 12 0.20416667 3
2 12 0.20833333 0
2 12 0.20833333 1
2 12 0.20833333 2
2 12 0.20833333 3
2 12 0.21250000 0
2 12 0.21250000 1
2 12 0.21250000 2
2 12 0.21250000 3
2 12 0.21666667 0
2 12 0.21666667 1
2 12 0.21666667 2
2 12 0.21666667 3
2 12 0.22083333 0
2 12 0.22083333 1
2 12 0.22083333 2
2 12 0.22083333 3
2 12 0.22500000 0
2 12 0.22500000 1
2 12 0.22500000 2
2 12 0.22500000 3
2 12 0.22916667 0
2 12 0.22916667 1
2 12 0.22916667 2
2 12 0.22916667 3
2 12 0.23333333 0
2 12 0.23333333 1
2 12 0.23333333 2
2 12 0.23333333 3
2 12 0.23750000 0
2 12 0.23750000 1
2 12 0.23750000 2
2 12 0.23750000 3
2 12 0.24166667 0
2 12 0.24166667 1
2 12 0.24166667 2
2 12 0.24166667 3
2 12 0.24583333 0
2 12 0.24583333 1
2 12 0.24583333 2
2 12 0.24583333 3
2 12 0.25000000 0
2 12 0.25000000 1
2 12 0.25000000 2
2 12 0.25000000 3
2 12 0.25416667 0
2 12 0.25416667 1
2 12 0.25416667 2
2 12 0.25416667 3
2 12 0.25833333 0
2 12 0.25833333 1
2 12 0.25833333 2
2 12 0.25833333 3
2 12 0.26250000 0
2 12 0.26250000 1
2 12 0.26250000 2
2 12 0.26250000 3
2 12 0.26666667 0
2 12 0.26666667 1
2 12 0.26666667 2
2 12 0.26666667 3
2 12 0.27083333 0
2 12 0.27083333 1
2 12 0.27083333 2
2 12 0.27083333 3
2 12 0.27500000 0
2 12 0.27500000 1
2 12 0.27500000 2
2 12 0.27500000 3
2 12 0.27916667 0
2 12 0.27916667 1
2 12 0.27916667 2
2 12 0.27916667 3
2 12 0.28333333 0
2 12 0.28333333 1
2 12 0.28333333 2
2 12 0.28333333 3
2 12 0.28750000 0
2 12 0.28750000 1
2 12 0.28750000 2
2 12 0.28750000 3
2 12 0.29166667 0
2 12 0.29166667 1
2 12 0.29166667 2
2 12 0.29166667 3
2 12 0.29583333 0
2 12 0.29583333 1
2 12 0.29583333 2
2 12 0.29583333 3
2 12 0.30000000 0
2 12 0.30000000 1
2 12 0.30000000 2
2 12 0.30000000 3
4 8 0.00000000 0
4 8 0.00000000 1
4 8 0.00000000 2
4 8 0.00000000 3
4 8 0.00408163 0
4 8 0.00408163 1
4 8 0.00408163 2
4 8 0.00408163 3
4 8 0.00816327 0
4 8 0.00816327 1
4 8 0.00816327 2
4 8 0.00816327 3
4 8 0.01224490 0
4 8 0.01224490 1
4 8 0.01224490 2
4 8 0.01224490 3
4 8 0.01632653 0
4 8 0.01632653 1
4 8 0.01632653 2
4 8 0.01632653 3
4 8 0.02040816 0
4 8 0.02040816 1
4 8 0.02040816 2
4 8 0.02040816 3
4 8 0.02448980 0
4 8 0.02448980 1
4 8 0.02448980 2
4 8 0.02448980 3
4 8 0.02857143 0
4 8 0.02857143 1
4 8 0.02857143 2
4 8 0.02857143 3
4 8 0.03265306 0
4 8 0.03265306 1
4 8 0.03265306 2
4 8 0.03265306 3
4 8 0.03673469 0
4 8 0.03673469 1
4 8 0.03673469 2
4 8 0.03673469 3
4 8 0.04081633 0
4 8 0.04081633 1
4 8 0.04081633 2
4 8 0.04081633 3
4 8 0.04489796 0
4 8 0.04489796 1
4 8 0.04489796 2
4 8 0.04489796 3
4 8 0.04897959 0
4 8 0.04897959 1
4 8 0.04897959 2
4 8 0.04897959 3
4 8 0.05306122 0
4 8 0.05306122 1
4 8 0.05306122 2
4 8 0.05306122 3
4 8 0.05714286 0
4 8 0.05714286 1
4 8 0.05714286 2
4 8 0.05714286 3
4 8 0.06122449 0
4 8 0.06122449 1
4 8 0.06122449 2
4 8 0.06122449 3
4 8 0.06530612 0
4 8 0.06530612 1
4 8 0.06530612 2
4 8 0.06530612 3
4 8 0.06938776 0
4 8 0.06938776 1
4 8 0.06938776 2
4 8 0.06938776 3
4 8 0.07346939 0
4 8 0.07346939 1
4 8 0.07346939 2
4 8 0.07346939 3
4 8 0.07755102 0
4 8 0.07755102 1
4 8 0.07755102 2
4 8 0.07755102 3
4 8 0.08163265 0
4 8 0.08163265 1
4 8 0.08163265 2
4 8 0.08163265 3
4 8 0.08571429 0
4 8 0.08571429 1
4 8 0.08571429 2
4 8 0.08571429 3
4 8 0.08979592 0
4 8 0.08979592 1
4 8 0.08979592 2
4 8 0.08979592 3
4 8 0.09387755 0
4 8 0.09387755 1
4 8 0.09387755 2
4 8 0.09387755 3
4 8 0.09795918 0
4 8 0.09795918 1
4 8 0.09795918 2
4 8 0.09795918 3
4 8 0.10204082 0
4 8 0.10204082 1
4 8 0.10204082 2
4 8 0.10204082 3
4 8 0.10612245 0
4 8 0.10612245 1
4 8 0.10612245 2
4 8 0.10612245 3
4 8 0.11020408 0
4 8 0.11020408 1
4 8 0.11020408 2
4 8 0.11020408 3
4 8 0.11428571 0
4 8 0.11428571 1
4 8 0.11428571 2
4 8 0.11428571 3
4 8 0.11836735 0
4 8 0.11836735 1
4 8 0.11836735 2
4 8 0.11836735 3
4 8 0.12244898 0
4 8 0.12244898 1
4 8 0.12244898 2
4 8 0.12244898 3
4 8 0.12653061 0
4 8 0.12653061 1
4 8 0.12653061 2
4 8 0.12653061 3
4 8 0.13061224 0
4 8 0.13061224 1
4 8 0.13061224 2
4 8 0.13061224 3
4 8 0.13469388 0
4 8 0.13469388 1
4 8 0.13469388 2
4 8 0.13469388 3
4 8 0.13877551 0
4 8 0.13877551 1
4 8 0.13877551 2
4 8 0.13877551 3
4 8 0.14285714 0
4 8 0.14285714 1
4 8 0.14285714 2
4 8 0.14285714 3
4 8 0.14693878 0
4 8 0.14693878 1
4 8 0.14693878 2
4 8 0.14693878 3
4 8 0.15102041 0
4 8 0.15102041 1
4 8 0.15102041 2
4 8 0.15102041 3
4 8 0.15510204 0
4 8 0.15510204 1
4 8 0.15510204 2
4 8 0.15510204 3
4 8 0.15918367 0
4 8 0.15918367 1
4 8 0.15918367 2
4 8 0.15918367 3
4 8 0.16326531 0
4 8 0.16326531 1
4 8 0.16326531 2
4 8 0.16326531 3
4 8 0.16734694 0
4 8 0.16734694 1
4 8 0.16734694 2
4 8 0.16734694 3
4 8 0.17142857 0
4 8 0.17142857 1
4 8 0.17142857 2
4 8 0.17142857 3
4 8 0.17551020 0
4 8 0.17551020 1
4 8 0.17551020 2
4 8 0.17551020 3
4 8 0.17959184 0
4 8 0.17959184 1
4 8 0.17959184 2
4 8 0.17959184 3
4 8 0.18367347 0
4 8 0.18367347 1
4 8 0.18367347 2
4 8 0.18367347 3
4 8 0.18775510 0
4 8 0.18775510 1
4 8 0.18775510 2
4 8 0.18775510 3
4 8 0.19183673 0
4 8 0.19183673 1
4 8 0.19183673 2
4 8 0.19183673 3
4 8 0.19591837 0
4 8 0.19591837 1
4 8 0.19591837 2
4 8 0.19591837 3
4 8 0.20000000 0
4 8 0.20000000 1
4 8 0.20000000 2
4 8 0.20000000 3
4 8 0.20416667 0
4 8 0.20416667 1
4 8 0.20416667 2
4 8 0.20416667 3
4 8 0.20833333 0
4 8 0.20833333 1
4 8 0.20833333 2
4 8 0.20833333 3
4 8 0.21250000 0
4 8 0.21250000 1
4 8 0.21250000 2
4 8 0.21250000 3
4 8 0.21666667 0
4 8 0.21666667 1
4 8 0.21666667 2
4 8 0.21666667 3
4 8 0.22083333 0
4 8 0.22083333 1
4 8 0.22083333 2
4 8 0.22083333 3
4 8 0.22500000 0
4 8 0.22500000 1
4 8 0.22500000 2
4 8 0.22500000 3
4 8 0.22916667 0
4 8 0.22916667 1
4 8 0.22916667 2
4 8 0.22916667 3
4 8 0.23333333 0
4 8 0.23333333 1
4 8 0.23333333 2
4 8 0.23333333 3
4 8 0.23750000 0
4 8 0.23750000 1
4 8 0.23750000 2
4 8 0.23750000 3
4 8 0.24166667 0
4 8 0.24166667 1
4 8 0.24166667 2
4 8 0.24166667 3
4 8 0.24583333 0
4 8 0.24583333 1
4 8 0.24583333 2
4 8 0.24583333 3
4 8 0.25000000 0
4 8 0.25000000 1
4 8 0.25000000 2
4 8 0.25000000 3
4 8 0.25416667 0
4 8 0.25416667 1
4 8 0.25416667 2
4 8 0.25416667 3
4 8 0.25833333 0
4 8 0.25833333 1
4 8 0.25833333 2
4 8 0.25833333 3
4 8 0.26250000 0
4 8 0.26250000 1
4 8 0.26250000 2
4 8 0.26250000 3
4 8 0.26666667 0
4 8 0.26666667 1
4 8 0.26666667 2
4 8 0.26666667 3
4 8 0.27083333 0
4 8 0.27083333 1
4 8 0.27083333 2
4 8 0.27083333 3
4 8 0.27500000 0
4 8 0.27500000 1
4 8 0.27500000 2
4 8 0.27500000 3
4 8 0.27916667 0
4 8 0.27916667 1
4 8 0.27916667 2
4 8 0.27916667 3
4 8 0.28333333 0
4 8 0.28333333 1
4 8 0.28333333 2
4 8 0.28333333 3
4 8 0.28750000 0
4 8 0.28750000 1
4 8 0.28750000 2
4 8 0.28750000 3
4 8 0.29166667 0
4 8 0.29166667 1
4 8 0.29166667 2
4 8 0.29166667 3
4 8 0.29583333 0
4 8 0.29583333 1
4 8 0.29583333 2
4 8 0.29583333 3
4 8 0.30000000 0
4 8 0.30000000 1
4 8 0.30000000 2
4 8 0.30000000 3
4 10 0.00000000 0
4 10 0.00000000 1
4 10 0.00000000 2
4 10 0.00000000 3
4 10 0.00408163 0
4 10 0.00408163 1
4 10 0.00408163 2
4 10 0.00408163 3
4 10 0.00816327 0
4 10 0.00816327 1
4 10 0.00816327 2
4 10 0.00816327 3
4 10 0.01224490 0
4 10 0.01224490 1
4 10 0.01224490 2
4 10 0.01224490 3
4 10 0.01632653 0
4 10 0.01632653 1
4 10 0.01632653 2
4 10 0.01632653 3
4 10 0.02040816 0
4 10 0.02040816 1
4 10 0.02040816 2
4 10 0.02040816 3
4 10 0.02448980 0
4 10 0.02448980 1
4 10 0.02448980 2
4 10 0.02448980 3
4 10 0.02857143 0
4 10 0.02857143 1
4 10 0.02857143 2
4 10 0.02857143 3
4 10 0.03265306 0
4 10 0.03265306 1
4 10 0.03265306 2
4 10 0.03265306 3
4 10 0.03673469 0
4 10 0.03673469 1
4 10 0.03673469 2
4 10 0.03673469 3
4 10 0.04081633 0
4 10 0.04081633 1
4 10 0.04081633 2
4 10 0.04081633 3
4 10 0.04489796 0
4 10 0.04489796 1
4 10 0.04489796 2
4 10 0.04489796 3
4 10 0.04897959 0
4 10 0.04897959 1
4 10 0.04897959 2
4 10 0.04897959 3
4 10 0.05306122 0
4 10 0.05306122 1
4 10 0.05306122 2
4 10 0.05306122 3
4 10 0.05714286 0
4 10 0.05714286 1
4 10 0.05714286 2
4 10 0.05714286 3
4 10 0.06122449 0
4 10 0.06122449 1
4 10 0.06122449 2
4 10 0.06122449 3
4 10 0.06530612 0
4 10 0.06530612 1
4 10 0.06530612 2
4 10 0.06530612 3
4 10 0.06938776 0
4 10 0.06938776 1
4 10 0.06938776 2
4 10 0.06938776 3
4 10 0.07346939 0
4 10 0.07346939 1
4 10 0.07346939 2
4 10 0.07346939 3
4 10 0.07755102 0
4 10 0.07755102 1
4 10 0.07755102 2
4 10 0.07755102 3
4 10 0.08163265 0
4 10 0.08163265 1
4 10 0.08163265 2
4 10 0.08163265 3
4 10 0.08571429 0
4 10 0.08571429 1
4 10 0.08571429 2
4 10 0.08571429 3
4 10 0.08979592 0
4 10 0.08979592 1
4 10 0.08979592 2
4 10 0.08979592 3
4 10 0.09387755 0
4 10 0.09387755 1
4 10 0.09387755 2
4 10 0.09387755 3
4 10 0.09795918 0
4 10 0.09795918 1
4 10 0.09795918 2
4 10 0.09795918 3
4 10 0.10204082 0
4 10 0.10204082 1
4 10 0.10204082 2
4 10 0.10204082 3
4 10 0.10612245 0
4 10 0.10612245 1
4 10 0.10612245 2
4 10 0.10612245 3
4 10 0.11020408 0
4 10 0.11020408 1
4 10 0.11020408 2
4 10 0.11020408 3
4 10 0.11428571 0
4 10 0.11428571 1
4 10 0.11428571 2
4 10 0.11428571 3
4 10 0.11836735 0
4 10 0.11836735 1
4 10 0.11836735 2
4 10 0.11836735 3
4 10 0.12244898 0
4 10 0.12244898 1
4 10 0.12244898 2
4 10 0.12244898 3
4 10 0.12653061 0
4 10 0.12653061 1
4 10 0.12653061 2
4 10 0.12653061 3
4 10 0.13061224 0
4 10 0.13061224 1
4 10 0.13061224 2
4 10 0.13061224 3
4 10 0.13469388 0
4 10 0.13469388 1
4 10 0.13469388 2
4 10 0.13469388 3
4 10 0.13877551 0
4 10 0.13877551 1
4 10 0.13877551 2
4 10 0.13877551 3
4 10 0.14285714 0
4 10 0.14285714 1
4 10 0.14285714 2
4 10 0.14285714 3
4 10 0.14693878 0
4 10 0.14693878 1
4 10 0.14693878 2
4 10 0.14693878 3
4 10 0.15102041 0
4 10 0.15102041 1
4 10 0.15102041 2
4 10 0.15102041 3
4 10 0.15510204 0
4 10 0.15510204 1
4 10 0.15510204 2
4 10 0.15510204 3
4 10 0.15918367 0
4 10 0.15918367 1
4 10 0.15918367 2
4 10 0.15918367 3
4 10 0.16326531 0
4 10 0.16326531 1
4 10 0.16326531 2
4 10 0.16326531 3
4 10 0.16734694 0
4 10 0.16734694 1
4 10 0.16734694 2
4 10 0.16734694 3
4 10 0.17142857 0
4 10 0.17142857 1
4 10 0.17142857 2
4 10 0.17142857 3
4 10 0.17551020 0
4 10 0.17551020 1
4 10 0.17551020 2
4 10 0.17551020 3
4 10 0.17959184 0
4 10 0.17959184 1
4 10 0.17959184 2
4 10 0.17959184 3
4 10 0.18367347 0
4 10 0.18367347 1
4 10 0.18367347 2
4 10 0.18367347 3
4 10 0.18775510 0
4 10 0.18775510 1
4 10 0.18775510 2
4 10 0.18775510 3
4 10 0.19183673 0
4 10 0.19183673 1
4 10 0.19183673 2
4 10 0.19183673 3
4 10 0.19591837 0
4 10 0.19591837 1
4 10 0.19591837 2
4 10 0.19591837 3
4 10 0.20000000 0
4 10 0.20000000 1
4 10 0.20000000 2
4 10 0.20000000 3
4 10 0.20416667 0
4 10 0.20416667 1
4 10 0.20416667 2
4 10 0.20416667 3
4 10 0.20833333 0
4 10 0.20833333 1
4 10 0.20833333 2
4 10 0.20833333 3
4 10 0.21250000 0
4 10 0.21250000 1
4 10 0.21250000 2
4 10 0.21250000 3
4 10 0.21666667 0
4 10 0.21666667 1
4 10 0.21666667 2
4 10 0.21666667 3
4 10 0.22083333 0
4 10 0.22083333 1
4 10 0.22083333 2
4 10 0.22083333 3
4 10 0.22500000 0
4 10 0.22500000 1
4 10 0.22500000 2
4 10 0.22500000 3
4 10 0.22916667 0
4 10 0.22916667 1
4 10 0.22916667 2
4 10 0.22916667 3
4 10 0.23333333 0
4 10 0.23333333 1
4 10 0.23333333 2
4 10 0.23333333 3
4 10 0.23750000 0
4 10 0.23750000 1
4 10 0.23750000 2
4 10 0.23750000 3
4 10 0.24166667 0
4 10 0.24166667 1
4 10 0.24166667 2
4 10 0.24166667 3
4 10 0.24583333 0
4 10 0.24583333 1
4 10 0.24583333 2
4 10 0.24583333 3
4 10 0.25000000 0
4 10 0.25000000 1
4 10 0.25000000 2
4 10 0.25000000 3
4 10 0.25416667 0
4 10 0.25416667 1
4 10 0.25416667 2
4 10 0.25416667 3
4 10 0.25833333 0
4 10 0.25833333 1
4 10 0.25833333 2
4 10 0.25833333 3
4 10 0.26250000 0
4 10 0.26250000 1
4 10 0.26250000 2
4 10 0.26250000 3
4 10 0.26666667 0
4 10 0.26666667 1
4 10 0.26666667 2
4 10 0.26666667 3
4 10 0.27083333 0
4 10 0.27083333 1
4 10 0.27083333 2
4 10 0.27083333 3
4 10 0.27500000 0
4 10 0.27500000 1
4 10 0.27500000 2
4 10 0.27500000 3
4 10 0.27916667 0
4 10 0.27916667 1
4 10 0.27916667 2
4 10 0.27916667 3
4 10 0.28333333 0
4 10 0.28333333 1
4 10 0.28333333 2
4 10 0.28333333 3
4 10 0.28750000 0
4 10 0.28750000 1
4 10 0.28750000 2
4 10 0.28750000 3
4 10 0.29166667 0
4 10 0.29166667 1
4 10 0.29166667 2
4 10 0.29166667 3
4 10 0.29583333 0
4 10 0.29583333 1
4 10 0.29583333 2
4 10 0.29583333 3
4 10 0.30000000 0
4 10 0.30000000 1
4 10 0.30000000 2
4 10 0.30000000 3
4 12 0.00000000 0
4 12 0.00000000 1
4 12 0.00000000 2
4 12 0.00000000 3
4 12 0.00408163 0
4 12 0.00408163 1
4 12 0.00408163 2
4 12 0.00408163 3
4 12 0.00816327 0
4 12 0.00816327 1
4 12 0.00816327 2
4 12 0.00816327 3
4 12 0.01224490 0
4 12 0.01224490 1
4 12 0.01224490 2
4 12 0.01224490 3
4 12 0.01632653 0
4 12 0.01632653 1
4 12 0.01632653 2
4 12 0.01632653 3
4 12 0.02040816 0
4 12 0.02040816 1
4 12 0.02040816 2
4 12 0.02040816 3
4 12 0.02448980 0
4 12 0.02448980 1
4 12 0.02448980 2
4 12 0.02448980 3
4 12 0.02857143 0
4 12 0.02857143 1
4 12 0.02857143 2
4 12 0.02857143 3
4 12 0.03265306 0
4 12 0.03265306 1
4 12 0.03265306 2
4 12 0.03265306 3
4 12 0.03673469 0
4 12 0.03673469 1
4 12 0.03673469 2
4 12 0.03673469 3
4 12 0.04081633 0
4 12 0.04081633 1
4 12 0.04081633 2
4 12 0.04081633 3
4 12 0.04489796 0
4 12 0.04489796 1
4 12 0.04489796 2
4 12 0.04489796 3
4 12 0.04897959 0
4 12 0.04897959 1
4 12 0.04897959 2
4 12 0.04897959 3
4 12 0.05306122 0
4 12 0.05306122 1
4 12 0.05306122 2
4 12 0.05306122 3
4 12 0.05714286 0
4 12 0.05714286 1
4 12 0.05714286 2
4 12 0.05714286 3
4 12 0.06122449 0
4 12 0.06122449 1
4 12 0.06122449 2
4 12 0.06122449 3
4 12 0.06530612 0
4 12 0.06530612 1
4 12 0.06530612 2
4 12 0.06530612 3
4 12 0.06938776 0
4 12 0.06938776 1
4 12 0.06938776 2
4 12 0.06938776 3
4 12 0.07346939 0
4 12 0.07346939 1
4 12 0.07346939 2
4 12 0.07346939 3
4 12 0.07755102 0
4 12 0.07755102 1
4 12 0.07755102 2
4 12 0.07755102 3
4 12 0.08163265 0
4 12 0.08163265 1
4 12 0.08163265 2
4 12 0.08163265 3
4 12 0.08571429 0
4 12 0.08571429 1
4 12 0.08571429 2
4 12 0.08571429 3
4 12 0.08979592 0
4 12 0.08979592 1
4 12 0.08979592 2
4 12 0.08979592 3
4 12 0.09387755 0
4 12 0.09387755 1
4 12 0.09387755 2
4 12 0.09387755 3
4 12 0.09795918 0
4 12 0.09795918 1
4 12 0.09795918 2
4 12 0.09795918 3
4 12 0.10204082 0
4 12 0.10204082 1
4 12 0.10204082 2
4 12 0.10204082 3
4 12 0.10612245 0
4 12 0.10612245 1
4 12 0.10612245 2
4 12 0.10612245 3
4 12 0.11020408 0
4 12 0.11020408 1
4 12 0.11020408 2
4 12 0.11020408 3
4 12 0.11428571 0
4 12 0.11428571 1
4 12 0.11428571 2
4 12 0.11428571 3
4 12 0.11836735 0
4 12 0.11836735 1
4 12 0.11836735 2
4 12 0.11836735 3
4 12 0.12244898 0
4 12 0.12244898 1
4 12 0.12244898 2
4 12 0.12244898 3
4 12 0.12653061 0
4 12 0.12653061 1
4 12 0.12653061 2
4 12 0.12653061 3
4 12 0.13061224 0
4 12 0.13061224 1
4 12 0.13061224 2
4 12 0.13061224 3
4 12 0.13469388 0
4 12 0.13469388 1
4 12 0.13469388 2
4 12 0.13469388 3
4 12 0.13877551 0
4 12 0.13877551 1
4 12 0.13877551 2
4 12 0.13877551 3
4 12 0.14285714 0
4 12 0.14285714 1
4 12 0.14285714 2
4 12 0.14285714 3
4 12 0.14693878 0
4 12 0.14693878 1
4 12 0.14693878 2
4 12 0.14693878 3
4 12 0.15102041 0
4 12 0.15102041 1
4 12 0.15102041 2
4 12 0.15102041 3
4 12 0.15510204 0
4 12 0.15510204 1
4 12 0.15510204 2
4 12 0.15510204 3
4 12 0.15918367 0
4 12 0.15918367 1
4 12 0.15918367 2
4 12 0.15918367 3
4 12 0.16326531 0
4 12 0.16326531 1
4 12 0.16326531 2
4 12 0.16326531 3
4 12 0.16734694 0
4 12 0.16734694 1
4 12 0.16734694 2
4 12 0.16734694 3
4 12 0.17142857 0
4 12 0.17142857 1
4 12 0.17142857 2
4 12 0.17142857 3
4 12 0.17551020 0
4 12 0.17551020 1
4 12 0.17551020 2
4 12 0.17551020 3
4 12 0.17959184 0
4 12 0.17959184 1
4 12 0.17959184 2
4 12 0.17959184 3
4 12 0.18367347 0
4 12 0.18367347 1
4 12 0.18367347 2
4 12 0.18367347 3
4 12 0.18775510 0
4 12 0.18775510 1
4 12 0.18775510 2
4 12 0.18775510 3
4 12 0.19183673 0
4 12 0.19183673 1
4 12 0.19183673 2
4 12 0.19183673 3
4 12 0.19591837 0
4 12 0.19591837 1
4 12 0.19591837 2
4 12 0.19591837 3
4 12 0.20000000 0
4 12 0.20000000 1
4 12 0.20000000 2
4 12 0.20000000 3
4 12 0.20416667 0
4 12 0.20416667 1
4 12 0.20416667 2
4 12 0.20416667 3
4 12 0.20833333 0
4 12 0.20833333 1
4 12 0.20833333 2
4 12 0.20833333 3
4 12 0.21250000 0
4 12 0.21250000 1
4 12 0.21250000 2
4 12 0.21250000 3
4 12 0.21666667 0
4 12 0.21666667 1
4 12 0.21666667 2
4 12 0.21666667 3
4 12 0.22083333 0
4 12 0.22083333 1
4 12 0.22083333 2
4 12 0.22083333 3
4 12 0.22500000 0
4 12 0.22500000 1
4 12 0.22500000 2
4 12 0.22500000 3
4 12 0.22916667 0
4 12 0.22916667 1
4 12 0.22916667 2
4 12 0.22916667 3
4 12 0.23333333 0
4 12 0.23333333 1
4 12 0.23333333 2
4 12 0.23333333 3
4 12 0.23750000 0
4 12 0.23750000 1
4 12 0.23750000 2
4 12 0.23750000 3
4 12 0.24166667 0
4 12 0.24166667 1
4 12 0.24166667 2
4 12 0.24166667 3
4 12 0.24583333 0
4 12 0.24583333 1
4 12 0.24583333 2
4 12 0.24583333 3
4 12 0.25000000 0
4 12 0.25000000 1
4 12 0.25000000 2
4 12 0.25000000 3
4 12 0.25416667 0
4 12 0.25416667 1
4 12 0.25416667 2
4 12 0.25416667 3
4 12 0.25833333 0
4 12 0.25833333 1
4 12 0.25833333 2
4 12 0.25833333 3
4 12 0.26250000 0
4 12 0.26250000 1
4 12 0.26250000 2
4 12 0.26250000 3
4 12 0.26666667 0
4 12 0.26666667 1
4 12 0.26666667 2
4 12 0.26666667 3
4 12 0.27083333 0
4 12 0.27083333 1
4 12 0.27083333 2
4 12 0.27083333 3
4 12 0.27500000 0
4 12 0.27500000 1
4 12 0.27500000 2
4 12 0.27500000 3
4 12 0.27916667 0
4 12 0.27916667 1
4 12 0.27916667 2
4 12 0.27916667 3
4 12 0.28333333 0
4 12 0.28333333 1
4 12 0.28333333 2
4 12 0.28333333 3
4 12 0.28750000 0
4 12 0.28750000 1
4 12 0.28750000 2
4 12 0.28750000 3
4 12 0.29166667 0
4 12 0.29166667 1
4 12 0.29166667 2
4 12 0.29166667 3
4 12 0.29583333 0
4 12 0.29583333 1
4 12 0.29583333 2
4 12 0.29583333 3
4 12 0.30000000 0
4 12 0.30000000 1
4 12 0.30000000 2
4 12 0.30000000 3
