8 -3.5000 0
8 -3.5000 1
8 -3.5000 2
8 -3.5000 3
8 -3.3986 0
8 -3.3986 1
8 -3.3986 2
8 -3.3986 3
8 -3.2971 0
8 -3.2971 1
8 -3.2971 2
8 -3.2971 3
8 -3.1957 0
8 -3.1957 1
8 -3.1957 2
8 -3.1957 3
8 -3.0942 0
8 -3.0942 1
8 -3.0942 2
8 -3.0942 3
8 -2.9928 0
8 -2.9928 1
8 -2.9928 2
8 -2.9928 3
8 -2.8913 0
8 -2.8913 1
8 -2.8913 2
8 -2.8913 3
8 -2.7899 0
8 -2.7899 1
8 -2.7899 2
8 -2.7899 3
8 -2.6884 0
8 -2.6884 1
8 -2.6884 2
8 -2.6884 3
8 -2.5870 0
8 -2.5870 1
8 -2.5870 2
8 -2.5870 3
8 -2.4855 0
8 -2.4855 1
8 -2.4855 2
8 -2.4855 3
8 -2.3841 0
8 -2.3841 1
8 -2.3841 2
8 -2.3841 3
8 -2.2826 0
8 -2.2826 1
8 -2.2826 2
8 -2.2826 3
8 -2.1812 0
8 -2.1812 1
8 -2.1812 2
8 -2.1812 3
8 -2.0797 0
8 -2.0797 1
8 -2.0797 2
8 -2.0797 3
8 -1.9783 0
8 -1.9783 1
8 -1.9783 2
8 -1.9783 3
8 -1.8768 0
8 -1.8768 1
8 -1.8768 2
8 -1.8768 3
8 -1.7754 0
8 -1.7754 1
8 -1.7754 2
8 -1.7754 3
8 -1.6739 0
8 -1.6739 1
8 -1.6739 2
8 -1.6739 3
8 -1.5725 0
8 -1.5725 1
8 -1.5725 2
8 -1.5725 3
8 -1.4710 0
8 -1.4710 1
8 -1.4710 2
8 -1.4710 3
8 -1.3696 0
8 -1.3696 1
8 -1.3696 2
8 -1.3696 3
8 -1.2681 0
8 -1.2681 1
8 -1.2681 2
8 -1.2681 3
8 -1.1667 0
8 -1.1667 1
8 -1.1667 2
8 -1.1667 3
8 -1.0652 0
8 -1.0652 1
8 -1.0652 2
8 -1.0652 3
8 -0.9638 0
8 -0.9638 1
8 -0.9638 2
8 -0.9638 3
8 -0.8623 0
8 -0.8623 1
8 -0.8623 2
8 -0.8623 3
8 -0.7609 0
8 -0.7609 1
8 -0.7609 2
8 -0.7609 3
8 -0.6594 0
8 -0.6594 1
8 -0.6594 2
8 -0.6594 3
8 -0.5580 0
8 -0.5580 1
8 -0.5580 2
8 -0.5580 3
8 -0.4565 0
8 -0.4565 1
8 -0.4565 2
8 -0.4565 3
8 -0.3551 0
8 -0.3551 1
8 -0.3551 2
8 -0.3551 3
8 -0.2536 0
8 -0.2536 1
8 -0.2536 2
8 -0.2536 3
8 -0.1522 0
8 -0.1522 1
8 -0.1522 2
8 -0.1522 3
8 -0.0507 0
8 -0.0507 1
8 -0.0507 2
8 -0.0507 3
8 0.0507 0
8 0.0507 1
8 0.0507 2
8 0.0507 3
8 0.1522 0
8 0.1522 1
8 0.1522 2
8 0.1522 3
8 0.2536 0
8 0.2536 1
8 0.2536 2
8 0.2536 3
8 0.3551 0
8 0.3551 1
8 0.3551 2
8 0.3551 3
8 0.4565 0
8 0.4565 1
8 0.4565 2
8 0.4565 3
8 0.5580 0
8 0.5580 1
8 0.5580 2
8 0.5580 3
8 0.6594 0
8 0.6594 1
8 0.6594 2
8 0.6594 3
8 0.7609 0
8 0.7609 1
8 0.7609 2
8 0.7609 3
8 0.8623 0
8 0.8623 1
8 0.8623 2
8 0.8623 3
8 0.9638 0
8 0.9638 1
8 0.9638 2
8 0.9638 3
8 1.0652 0
8 1.0652 1
8 1.0652 2
8 1.0652 3
8 1.1667 0
8 1.1667 1
8 1.1667 2
8 1.1667 3
8 1.2681 0
8 1.2681 1
8 1.2681 2
8 1.2681 3
8 1.3696 0
8 1.3696 1
8 1.3696 2
8 1.3696 3
8 1.4710 0
8 1.4710 1
8 1.4710 2
8 1.4710 3
8 1.5725 0
8 1.5725 1
8 1.5725 2
8 1.5725 3
8 1.6739 0
8 1.6739 1
8 1.6739 2
8 1.6739 3
8 1.7754 0
8 1.7754 1
8 1.7754 2
8 1.7754 3
8 1.8768 0
8 1.8768 1
8 1.8768 2
8 1.8768 3
8 1.9783 0
8 1.9783 1
8 1.9783 2
8 1.9783 3
8 2.0797 0
8 2.0797 1
8 2.0797 2
8 2.0797 3
8 2.1812 0
8 2.1812 1
8 2.1812 2
8 2.1812 3
8 2.2826 0
8 2.2826 1
8 2.2826 2
8 2.2826 3
8 2.3841 0
8 2.3841 1
8 2.3841 2
8 2.3841 3
8 2.4855 0
8 2.4855 1
8 2.4855 2
8 2.4855 3
8 2.5870 0
8 2.5870 1
8 2.5870 2
8 2.5870 3
8 2.6884 0
8 2.6884 1
8 2.6884 2
8 2.6884 3
8 2.7899 0
8 2.7899 1
8 2.7899 2
8 2.7899 3
8 2.8913 0
8 2.8913 1
8 2.8913 2
8 2.8913 3
8 2.9928 0
8 2.9928 1
8 2.9928 2
8 2.9928 3
8 3.0942 0
8 3.0942 1
8 3.0942 2
8 3.0942 3
8 3.1957 0
8 3.1957 1
8 3.1957 2
8 3.1957 3
8 3.2971 0
8 3.2971 1
8 3.2971 2
8 3.2971 3
8 3.3986 0
8 3.3986 1
8 3.3986 2
8 3.3986 3
8 3.5000 0
8 3.5000 1
8 3.5000 2
8 3.5000 3
10 -3.5000 0
10 -3.5000 1
10 -3.5000 2
10 -3.5000 3
10 -3.3986 0
10 -3.3986 1
10 -3.3986 2
10 -3.3986 3
10 -3.2971 0
10 -3.2971 1
10 -3.2971 2
10 -3.2971 3
10 -3.1957 0
10 -3.1957 1
10 -3.1957 2
10 -3.1957 3
10 -3.0942 0
10 -3.0942 1
10 -3.0942 2
10 -3.0942 3
10 -2.9928 0
10 -2.9928 1
10 -2.9928 2
10 -2.9928 3
10 -2.8913 0
10 -2.8913 1
10 -2.8913 2
10 -2.8913 3
10 -2.7899 0
10 -2.7899 1
10 -2.7899 2
10 -2.7899 3
10 -2.6884 0
10 -2.6884 1
10 -2.6884 2
10 -2.6884 3
10 -2.5870 0
10 -2.5870 1
10 -2.5870 2
10 -2.5870 3
10 -2.4855 0
10 -2.4855 1
10 -2.4855 2
10 -2.4855 3
10 -2.3841 0
10 -2.3841 1
10 -2.3841 2
10 -2.3841 3
10 -2.2826 0
10 -2.2826 1
10 -2.2826 2
10 -2.2826 3
10 -2.1812 0
10 -2.1812 1
10 -2.1812 2
10 -2.1812 3
10 -2.0797 0
10 -2.0797 1
10 -2.0797 2
10 -2.0797 3
10 -1.9783 0
10 -1.9783 1
10 -1.9783 2
10 -1.9783 3
10 -1.8768 0
10 -1.8768 1
10 -1.8768 2
10 -1.8768 3
10 -1.7754 0
10 -1.7754 1
10 -1.7754 2
10 -1.7754 3
10 -1.6739 0
10 -1.6739 1
10 -1.6739 2
10 -1.6739 3
10 -1.5725 0
10 -1.5725 1
10 -1.5725 2
10 -1.5725 3
10 -1.4710 0
10 -1.4710 1
10 -1.4710 2
10 -1.4710 3
10 -1.3696 0
10 -1.3696 1
10 -1.3696 2
10 -1.3696 3
10 -1.2681 0
10 -1.2681 1
10 -1.2681 2
10 -1.2681 3
10 -1.1667 0
10 -1.1667 1
10 -1.1667 2
10 -1.1667 3
10 -1.0652 0
10 -1.0652 1
10 -1.0652 2
10 -1.0652 3
10 -0.9638 0
10 -0.9638 1
10 -0.9638 2
10 -0.9638 3
10 -0.8623 0
10 -0.8623 1
10 -0.8623 2
10 -0.8623 3
10 -0.7609 0
10 -0.7609 1
10 -0.7609 2
10 -0.7609 3
10 -0.6594 0
10 -0.6594 1
10 -0.6594 2
10 -0.6594 3
10 -0.5580 0
10 -0.5580 1
10 -0.5580 2
10 -0.5580 3
10 -0.4565 0
10 -0.4565 1
10 -0.4565 2
10 -0.4565 3
10 -0.3551 0
10 -0.3551 1
10 -0.3551 2
10 -0.3551 3
10 -0.2536 0
10 -0.2536 1
10 -0.2536 2
10 -0.2536 3
10 -0.1522 0
10 -0.1522 1
10 -0.1522 2
10 -0.1522 3
10 -0.0507 0
10 -0.0507 1
10 -0.0507 2
10 -0.0507 3
10 0.0507 0
10 0.0507 1
10 0.0507 2
10 0.0507 3
10 0.1522 0
10 0.1522 1
10 0.1522 2
10 0.1522 3
10 0.2536 0
10 0.2536 1
10 0.2536 2
10 0.2536 3
10 0.3551 0
10 0.3551 1
10 0.3551 2
10 0.3551 3
10 0.4565 0
10 0.4565 1
10 0.4565 2
10 0.4565 3
10 0.5580 0
10 0.5580 1
10 0.5580 2
10 0.5580 3
10 0.6594 0
10 0.6594 1
10 0.6594 2
10 0.6594 3
10 0.7609 0
10 0.7609 1
10 0.7609 2
10 0.7609 3
10 0.8623 0
10 0.8623 1
10 0.8623 2
10 0.8623 3
10 0.9638 0
10 0.9638 1
10 0.9638 2
10 0.9638 3
10 1.0652 0
10 1.0652 1
10 1.0652 2
10 1.0652 3
10 1.1667 0
10 1.1667 1
10 1.1667 2
10 1.1667 3
10 1.2681 0
10 1.2681 1
10 1.2681 2
10 1.2681 3
10 1.3696 0
10 1.3696 1
10 1.3696 2
10 1.3696 3
10 1.4710 0
10 1.4710 1
10 1.4710 2
10 1.4710 3
10 1.5725 0
10 1.5725 1
10 1.5725 2
10 1.5725 3
10 1.6739 0
10 1.6739 1
10 1.6739 2
10 1.6739 3
10 1.7754 0
10 1.7754 1
10 1.7754 2
10 1.7754 3
10 1.8768 0
10 1.8768 1
10 1.8768 2
10 1.8768 3
10 1.9783 0
10 1.9783 1
10 1.9783 2
10 1.9783 3
10 2.0797 0
10 2.0797 1
10 2.0797 2
10 2.0797 3
10 2.1812 0
10 2.1812 1
10 2.1812 2
10 2.1812 3
10 2.2826 0
10 2.2826 1
10 2.2826 2
10 2.2826 3
10 2.3841 0
10 2.3841 1
10 2.3841 2
10 2.3841 3
10 2.4855 0
10 2.4855 1
10 2.4855 2
10 2.4855 3
10 2.5870 0
10 2.5870 1
10 2.5870 2
10 2.5870 3
10 2.6884 0
10 2.6884 1
10 2.6884 2
10 2.6884 3
10 2.7899 0
10 2.7899 1
10 2.7899 2
10 2.7899 3
10 2.8913 0
10 2.8913 1
10 2.8913 2
10 2.8913 3
10 2.9928 0
10 2.9928 1
10 2.9928 2
10 2.9928 3
10 3.0942 0
10 3.0942 1
10 3.0942 2
10 3.0942 3
10 3.1957 0
10 3.1957 1
10 3.1957 2
10 3.1957 3
10 3.2971 0
10 3.2971 1
10 3.2971 2
10 3.2971 3
10 3.3986 0
10 3.3986 1
10 3.3986 2
10 3.3986 3
10 3.5000 0
10 3.5000 1
10 3.5000 2
10 3.5000 3
12 -3.5000 0
12 -3.5000 1
12 -3.5000 2
12 -3.5000 3
12 -3.3986 0
12 -3.3986 1
12 -3.3986 2
12 -3.3986 3
12 -3.2971 0
12 -3.2971 1
12 -3.2971 2
12 -3.2971 3
12 -3.1957 0
12 -3.1957 1
12 -3.1957 2
12 -3.1957 3
12 -3.0942 0
12 -3.0942 1
12 -3.0942 2
12 -3.0942 3
12 -2.9928 0
12 -2.9928 1
12 -2.9928 2
12 -2.9928 3
12 -2.8913 0
12 -2.8913 1
12 -2.8913 2
12 -2.8913 3
12 -2.7899 0
12 -2.7899 1
12 -2.7899 2
12 -2.7899 3
12 -2.6884 0
12 -2.6884 1
12 -2.6884 2
12 -2.6884 3
12 -2.5870 0
12 -2.5870 1
12 -2.5870 2
12 -2.5870 3
12 -2.4855 0
12 -2.4855 1
12 -2.4855 2
12 -2.4855 3
12 -2.3841 0
12 -2.3841 1
12 -2.3841 2
12 -2.3841 3
12 -2.2826 0
12 -2.2826 1
12 -2.2826 2
12 -2.2826 3
12 -2.1812 0
12 -2.1812 1
12 -2.1812 2
12 -2.1812 3
12 -2.0797 0
12 -2.0797 1
12 -2.0797 2
12 -2.0797 3
12 -1.9783 0
12 -1.9783 1
12 -1.9783 2
12 -1.9783 3
12 -1.8768 0
12 -1.8768 1
12 -1.8768 2
12 -1.8768 3
12 -1.7754 0
12 -1.7754 1
12 -1.7754 2
12 -1.7754 3
12 -1.6739 0
12 -1.6739 1
12 -1.6739 2
12 -1.6739 3
12 -1.5725 0
12 -1.5725 1
12 -1.5725 2
12 -1.5725 3
12 -1.4710 0
12 -1.4710 1
12 -1.4710 2
12 -1.4710 3
12 -1.3696 0
12 -1.3696 1
12 -1.3696 2
12 -1.3696 3
12 -1.2681 0
12 -1.2681 1
12 -1.2681 2
12 -1.2681 3
12 -1.1667 0
12 -1.1667 1
12 -1.1667 2
12 -1.1667 3
12 -1.0652 0
12 -1.0652 1
12 -1.0652 2
12 -1.0652 3
12 -0.9638 0
12 -0.9638 1
12 -0.9638 2
12 -0.9638 3
12 -0.8623 0
12 -0.8623 1
12 -0.8623 2
12 -0.8623 3
12 -0.7609 0
12 -0.7609 1
12 -0.7609 2
12 -0.7609 3
12 -0.6594 0
12 -0.6594 1
12 -0.6594 2
12 -0.6594 3
12 -0.5580 0
12 -0.5580 1
12 -0.5580 2
12 -0.5580 3
12 -0.4565 0
12 -0.4565 1
12 -0.4565 2
12 -0.4565 3
12 -0.3551 0
12 -0.3551 1
12 -0.3551 2
12 -0.3551 3
12 -0.2536 0
12 -0.2536 1
12 -0.2536 2
12 -0.2536 3
12 -0.1522 0
12 -0.1522 1
12 -0.1522 2
12 -0.1522 3
12 -0.0507 0
12 -0.0507 1
12 -0.0507 2
12 -0.0507 3
12 0.0507 0
12 0.0507 1
12 0.0507 2
12 0.0507 3
12 0.1522 0
12 0.1522 1
12 0.1522 2
12 0.1522 3
12 0.2536 0
12 0.2536 1
12 0.2536 2
12 0.2536 3
12 0.3551 0
12 0.3551 1
12 0.3551 2
12 0.3551 3
12 0.4565 0
12 0.4565 1
12 0.4565 2
12 0.4565 3
12 0.5580 0
12 0.5580 1
12 0.5580 2
12 0.5580 3
12 0.6594 0
12 0.6594 1
12 0.6594 2
12 0.6594 3
12 0.7609 0
12 0.7609 1
12 0.7609 2
12 0.7609 3
12 0.8623 0
12 0.8623 1
12 0.8623 2
12 0.8623 3
12 0.9638 0
12 0.9638 1
12 0.9638 2
12 0.9638 3
12 1.0652 0
12 1.0652 1
12 1.0652 2
12 1.0652 3
12 1.1667 0
12 1.1667 1
12 1.1667 2
12 1.1667 3
12 1.2681 0
12 1.2681 1
12 1.2681 2
12 1.2681 3
12 1.3696 0
12 1.3696 1
12 1.3696 2
12 1.3696 3
12 1.4710 0
12 1.4710 1
12 1.4710 2
12 1.4710 3
12 1.5725 0
12 1.5725 1
12 1.5725 2
12 1.5725 3
12 1.6739 0
12 1.6739 1
12 1.6739 2
12 1.6739 3
12 1.7754 0
12 1.7754 1
12 1.7754 2
12 1.7754 3
12 1.8768 0
12 1.8768 1
12 1.8768 2
12 1.8768 3
12 1.9783 0
12 1.9783 1
12 1.9783 2
12 1.9783 3
12 2.0797 0
12 2.0797 1
12 2.0797 2
12 2.0797 3
12 2.1812 0
12 2.1812 1
12 2.1812 2
12 2.1812 3
12 2.2826 0
12 2.2826 1
12 2.2826 2
12 2.2826 3
12 2.3841 0
12 2.3841 1
12 2.3841 2
12 2.3841 3
12 2.4855 0
12 2.4855 1
12 2.4855 2
12 2.4855 3
12 2.5870 0
12 2.5870 1
12 2.5870 2
12 2.5870 3
12 2.6884 0
12 2.6884 1
12 2.6884 2
12 2.6884 3
12 2.7899 0
12 2.7899 1
12 2.7899 2
12 2.7899 3
12 2.8913 0
12 2.8913 1
12 2.8913 2
12 2.8913 3
12 2.9928 0
12 2.9928 1
12 2.9928 2
12 2.9928 3
12 3.0942 0
12 3.0942 1
12 3.0942 2
12 3.0942 3
12 3.1957 0
12 3.1957 1
12 3.1957 2
12 3.1957 3
12 3.2971 0
12 3.2971 1
12 3.2971 2
12 3.2971 3
12 3.3986 0
12 3.3986 1
12 3.3986 2
12 3.3986 3
12 3.5000 0
12 3.5000 1
12 3.5000 2
12 3.5000 3
