0.00000000 -3.5000
0.00000000 -3.3986
0.00000000 -3.2971
0.00000000 -3.1957
0.00000000 -3.0942
0.00000000 -2.9928
0.00000000 -2.8913
0.00000000 -2.7899
0.00000000 -2.6884
0.00000000 -2.5870
0.00000000 -2.4855
0.00000000 -2.3841
0.00000000 -2.2826
0.00000000 -2.1812
0.00000000 -2.0797
0.00000000 -1.9783
0.00000000 -1.8768
0.00000000 -1.7754
0.00000000 -1.6739
0.00000000 -1.5725
0.00000000 -1.4710
0.00000000 -1.3696
0.00000000 -1.2681
0.00000000 -1.1667
0.00000000 -1.0652
0.00000000 -0.9638
0.00000000 -0.8623
0.00000000 -0.7609
0.00000000 -0.6594
0.00000000 -0.5580
0.00000000 -0.4565
0.00000000 -0.3551
0.00000000 -0.2536
0.00000000 -0.1522
0.00000000 -0.0507
0.00000000 0.0507
0.00000000 0.1522
0.00000000 0.2536
0.00000000 0.3551
0.00000000 0.4565
0.00000000 0.5580
0.00000000 0.6594
0.00000000 0.7609
0.00000000 0.8623
0.00000000 0.9638
0.00000000 1.0652
0.00000000 1.1667
0.00000000 1.2681
0.00000000 1.3696
0.00000000 1.4710
0.00000000 1.5725
0.00000000 1.6739
0.00000000 1.7754
0.00000000 1.8768
0.00000000 1.9783
0.00000000 2.0797
0.00000000 2.1812
0.00000000 2.2826
0.00000000 2.3841
0.00000000 2.4855
0.00000000 2.5870
0.00000000 2.6884
0.00000000 2.7899
0.00000000 2.8913
0.00000000 2.9928
0.00000000 3.0942
0.00000000 3.1957
0.00000000 3.2971
0.00000000 3.3986
0.00000000 3.5000
0.01034483 -3.5000
0.01034483 -3.3986
0.01034483 -3.2971
0.01034483 -3.1957
0.01034483 -3.0942
0.01034483 -2.9928
0.01034483 -2.8913
0.01034483 -2.7899
0.01034483 -2.6884
0.01034483 -2.5870
0.01034483 -2.4855
0.01034483 -2.3841
0.01034483 -2.2826
0.01034483 -2.1812
0.01034483 -2.0797
0.01034483 -1.9783
0.01034483 -1.8768
0.01034483 -1.7754
0.01034483 -1.6739
0.01034483 -1.5725
0.01034483 -1.4710
0.01034483 -1.3696
0.01034483 -1.2681
0.01034483 -1.1667
0.01034483 -1.0652
0.01034483 -0.9638
0.01034483 -0.8623
0.01034483 -0.7609
0.01034483 -0.6594
0.01034483 -0.5580
0.01034483 -0.4565
0.01034483 -0.3551
0.01034483 -0.2536
0.01034483 -0.1522
0.01034483 -0.0507
0.01034483 0.0507
0.01034483 0.1522
0.01034483 0.2536
0.01034483 0.3551
0.01034483 0.4565
0.01034483 0.5580
0.01034483 0.6594
0.01034483 0.7609
0.01034483 0.8623
0.01034483 0.9638
0.01034483 1.0652
0.01034483 1.1667
0.01034483 1.2681
0.01034483 1.3696
0.01034483 1.4710
0.01034483 1.5725
0.01034483 1.6739
0.01034483 1.7754
0.01034483 1.8768
0.01034483 1.9783
0.01034483 2.0797
0.01034483 2.1812
0.01034483 2.2826
0.01034483 2.3841
0.01034483 2.4855
0.01034483 2.5870
0.01034483 2.6884
0.01034483 2.7899
0.01034483 2.8913
0.01034483 2.9928
0.01034483 3.0942
0.01034483 3.1957
0.01034483 3.2971
0.01034483 3.3986
0.01034483 3.5000
0.02068966 -3.5000
0.02068966 -3.3986
0.02068966 -3.2971
0.02068966 -3.1957
0.02068966 -3.0942
0.02068966 -2.9928
0.02068966 -2.8913
0.02068966 -2.7899
0.02068966 -2.6884
0.02068966 -2.5870
0.02068966 -2.4855
0.02068966 -2.3841
0.02068966 -2.2826
0.02068966 -2.1812
0.02068966 -2.0797
0.02068966 -1.9783
0.02068966 -1.8768
0.02068966 -1.7754
0.02068966 -1.6739
0.02068966 -1.5725
0.02068966 -1.4710
0.02068966 -1.3696
0.02068966 -1.2681
0.02068966 -1.1667
0.02068966 -1.0652
0.02068966 -0.9638
0.02068966 -0.8623
0.02068966 -0.7609
0.02068966 -0.6594
0.02068966 -0.5580
0.02068966 -0.4565
0.02068966 -0.3551
0.02068966 -0.2536
0.02068966 -0.1522
0.02068966 -0.0507
0.02068966 0.0507
0.02068966 0.1522
0.02068966 0.2536
0.02068966 0.3551
0.02068966 0.4565
0.02068966 0.5580
0.02068966 0.6594
0.02068966 0.7609
0.02068966 0.8623
0.02068966 0.9638
0.02068966 1.0652
0.02068966 1.1667
0.02068966 1.2681
0.02068966 1.3696
0.02068966 1.4710
0.02068966 1.5725
0.02068966 1.6739
0.02068966 1.7754
0.02068966 1.8768
0.02068966 1.9783
0.02068966 2.0797
0.02068966 2.1812
0.02068966 2.2826
0.02068966 2.3841
0.02068966 2.4855
0.02068966 2.5870
0.02068966 2.6884
0.02068966 2.7899
0.02068966 2.8913
0.02068966 2.9928
0.02068966 3.0942
0.02068966 3.1957
0.02068966 3.2971
0.02068966 3.3986
0.02068966 3.5000
0.03103448 -3.5000
0.03103448 -3.3986
0.03103448 -3.2971
0.03103448 -3.1957
0.03103448 -3.0942
0.03103448 -2.9928
0.03103448 -2.8913
0.03103448 -2.7899
0.03103448 -2.6884
0.03103448 -2.5870
0.03103448 -2.4855
0.03103448 -2.3841
0.03103448 -2.2826
0.03103448 -2.1812
0.03103448 -2.0797
0.03103448 -1.9783
0.03103448 -1.8768
0.03103448 -1.7754
0.03103448 -1.6739
0.03103448 -1.5725
0.03103448 -1.4710
0.03103448 -1.3696
0.03103448 -1.2681
0.03103448 -1.1667
0.03103448 -1.0652
0.03103448 -0.9638
0.03103448 -0.8623
0.03103448 -0.7609
0.03103448 -0.6594
0.03103448 -0.5580
0.03103448 -0.4565
0.03103448 -0.3551
0.03103448 -0.2536
0.03103448 -0.1522
0.03103448 -0.0507
0.03103448 0.0507
0.03103448 0.1522
0.03103448 0.2536
0.03103448 0.3551
0.03103448 0.4565
0.03103448 0.5580
0.03103448 0.6594
0.03103448 0.7609
0.03103448 0.8623
0.03103448 0.9638
0.03103448 1.0652
0.03103448 1.1667
0.03103448 1.2681
0.03103448 1.3696
0.03103448 1.4710
0.03103448 1.5725
0.03103448 1.6739
0.03103448 1.7754
0.03103448 1.8768
0.03103448 1.9783
0.03103448 2.0797
0.03103448 2.1812
0.03103448 2.2826
0.03103448 2.3841
0.03103448 2.4855
0.03103448 2.5870
0.03103448 2.6884
0.03103448 2.7899
0.03103448 2.8913
0.03103448 2.9928
0.03103448 3.0942
0.03103448 3.1957
0.03103448 3.2971
0.03103448 3.3986
0.03103448 3.5000
0.04137931 -3.5000
0.04137931 -3.3986
0.04137931 -3.2971
0.04137931 -3.1957
0.04137931 -3.0942
0.04137931 -2.9928
0.04137931 -2.8913
0.04137931 -2.7899
0.04137931 -2.6884
0.04137931 -2.5870
0.04137931 -2.4855
0.04137931 -2.3841
0.04137931 -2.2826
0.04137931 -2.1812
0.04137931 -2.0797
0.04137931 -1.9783
0.04137931 -1.8768
0.04137931 -1.7754
0.04137931 -1.6739
0.04137931 -1.5725
0.04137931 -1.4710
0.04137931 -1.3696
0.04137931 -1.2681
0.04137931 -1.1667
0.04137931 -1.0652
0.04137931 -0.9638
0.04137931 -0.8623
0.04137931 -0.7609
0.04137931 -0.6594
0.04137931 -0.5580
0.04137931 -0.4565
0.04137931 -0.3551
0.04137931 -0.2536
0.04137931 -0.1522
0.04137931 -0.0507
0.04137931 0.0507
0.04137931 0.1522
0.04137931 0.2536
0.04137931 0.3551
0.04137931 0.4565
0.04137931 0.5580
0.04137931 0.6594
0.04137931 0.7609
0.04137931 0.8623
0.04137931 0.9638
0.04137931 1.0652
0.04137931 1.1667
0.04137931 1.2681
0.04137931 1.3696
0.04137931 1.4710
0.04137931 1.5725
0.04137931 1.6739
0.04137931 1.7754
0.04137931 1.8768
0.04137931 1.9783
0.04137931 2.0797
0.04137931 2.1812
0.04137931 2.2826
0.04137931 2.3841
0.04137931 2.4855
0.04137931 2.5870
0.04137931 2.6884
0.04137931 2.7899
0.04137931 2.8913
0.04137931 2.9928
0.04137931 3.0942
0.04137931 3.1957
0.04137931 3.2971
0.04137931 3.3986
0.04137931 3.5000
0.05172414 -3.5000
0.05172414 -3.3986
0.05172414 -3.2971
0.05172414 -3.1957
0.05172414 -3.0942
0.05172414 -2.9928
0.05172414 -2.8913
0.05172414 -2.7899
0.05172414 -2.6884
0.05172414 -2.5870
0.05172414 -2.4855
0.05172414 -2.3841
0.05172414 -2.2826
0.05172414 -2.1812
0.05172414 -2.0797
0.05172414 -1.9783
0.05172414 -1.8768
0.05172414 -1.7754
0.05172414 -1.6739
0.05172414 -1.5725
0.05172414 -1.4710
0.05172414 -1.3696
0.05172414 -1.2681
0.05172414 -1.1667
0.05172414 -1.0652
0.05172414 -0.9638
0.05172414 -0.8623
0.05172414 -0.7609
0.05172414 -0.6594
0.05172414 -0.5580
0.05172414 -0.4565
0.05172414 -0.3551
0.05172414 -0.2536
0.05172414 -0.1522
0.05172414 -0.0507
0.05172414 0.0507
0.05172414 0.1522
0.05172414 0.2536
0.05172414 0.3551
0.05172414 0.4565
0.05172414 0.5580
0.05172414 0.6594
0.05172414 0.7609
0.05172414 0.8623
0.05172414 0.9638
0.05172414 1.0652
0.05172414 1.1667
0.05172414 1.2681
0.05172414 1.3696
0.05172414 1.4710
0.05172414 1.5725
0.05172414 1.6739
0.05172414 1.7754
0.05172414 1.8768
0.05172414 1.9783
0.05172414 2.0797
0.05172414 2.1812
0.05172414 2.2826
0.05172414 2.3841
0.05172414 2.4855
0.05172414 2.5870
0.05172414 2.6884
0.05172414 2.7899
0.05172414 2.8913
0.05172414 2.9928
0.05172414 3.0942
0.05172414 3.1957
0.05172414 3.2971
0.05172414 3.3986
0.05172414 3.5000
0.06206897 -3.5000
0.06206897 -3.3986
0.06206897 -3.2971
0.06206897 -3.1957
0.06206897 -3.0942
0.06206897 -2.9928
0.06206897 -2.8913
0.06206897 -2.7899
0.06206897 -2.6884
0.06206897 -2.5870
0.06206897 -2.4855
0.06206897 -2.3841
0.06206897 -2.2826
0.06206897 -2.1812
0.06206897 -2.0797
0.06206897 -1.9783
0.06206897 -1.8768
0.06206897 -1.7754
0.06206897 -1.6739
0.06206897 -1.5725
0.06206897 -1.4710
0.06206897 -1.3696
0.06206897 -1.2681
0.06206897 -1.1667
0.06206897 -1.0652
0.06206897 -0.9638
0.06206897 -0.8623
0.06206897 -0.7609
0.06206897 -0.6594
0.06206897 -0.5580
0.06206897 -0.4565
0.06206897 -0.3551
0.06206897 -0.2536
0.06206897 -0.1522
0.06206897 -0.0507
0.06206897 0.0507
0.06206897 0.1522
0.06206897 0.2536
0.06206897 0.3551
0.06206897 0.4565
0.06206897 0.5580
0.06206897 0.6594
0.06206897 0.7609
0.06206897 0.8623
0.06206897 0.9638
0.06206897 1.0652
0.06206897 1.1667
0.06206897 1.2681
0.06206897 1.3696
0.06206897 1.4710
0.06206897 1.5725
0.06206897 1.6739
0.06206897 1.7754
0.06206897 1.8768
0.06206897 1.9783
0.06206897 2.0797
0.06206897 2.1812
0.06206897 2.2826
0.06206897 2.3841
0.06206897 2.4855
0.06206897 2.5870
0.06206897 2.6884
0.06206897 2.7899
0.06206897 2.8913
0.06206897 2.9928
0.06206897 3.0942
0.06206897 3.1957
0.06206897 3.2971
0.06206897 3.3986
0.06206897 3.5000
0.07241379 -3.5000
0.07241379 -3.3986
0.07241379 -3.2971
0.07241379 -3.1957
0.07241379 -3.0942
0.07241379 -2.9928
0.07241379 -2.8913
0.07241379 -2.7899
0.07241379 -2.6884
0.07241379 -2.5870
0.07241379 -2.4855
0.07241379 -2.3841
0.07241379 -2.2826
0.07241379 -2.1812
0.07241379 -2.0797
0.07241379 -1.9783
0.07241379 -1.8768
0.07241379 -1.7754
0.07241379 -1.6739
0.07241379 -1.5725
0.07241379 -1.4710
0.07241379 -1.3696
0.07241379 -1.2681
0.07241379 -1.1667
0.07241379 -1.0652
0.07241379 -0.9638
0.07241379 -0.8623
0.07241379 -0.7609
0.07241379 -0.6594
0.07241379 -0.5580
0.07241379 -0.4565
0.07241379 -0.3551
0.07241379 -0.2536
0.07241379 -0.1522
0.07241379 -0.0507
0.07241379 0.0507
0.07241379 0.1522
0.07241379 0.2536
0.07241379 0.3551
0.07241379 0.4565
0.07241379 0.5580
0.07241379 0.6594
0.07241379 0.7609
0.07241379 0.8623
0.07241379 0.9638
0.07241379 1.0652
0.07241379 1.1667
0.07241379 1.2681
0.07241379 1.3696
0.07241379 1.4710
0.07241379 1.5725
0.07241379 1.6739
0.07241379 1.7754
0.07241379 1.8768
0.07241379 1.9783
0.07241379 2.0797
0.07241379 2.1812
0.07241379 2.2826
0.07241379 2.3841
0.07241379 2.4855
0.07241379 2.5870
0.07241379 2.6884
0.07241379 2.7899
0.07241379 2.8913
0.07241379 2.9928
0.07241379 3.0942
0.07241379 3.1957
0.07241379 3.2971
0.07241379 3.3986
0.07241379 3.5000
0.08275862 -3.5000
0.08275862 -3.3986
0.08275862 -3.2971
0.08275862 -3.1957
0.08275862 -3.0942
0.08275862 -2.9928
0.08275862 -2.8913
0.08275862 -2.7899
0.08275862 -2.6884
0.08275862 -2.5870
0.08275862 -2.4855
0.08275862 -2.3841
0.08275862 -2.2826
0.08275862 -2.1812
0.08275862 -2.0797
0.08275862 -1.9783
0.08275862 -1.8768
0.08275862 -1.7754
0.08275862 -1.6739
0.08275862 -1.5725
0.08275862 -1.4710
0.08275862 -1.3696
0.08275862 -1.2681
0.08275862 -1.1667
0.08275862 -1.0652
0.08275862 -0.9638
0.08275862 -0.8623
0.08275862 -0.7609
0.08275862 -0.6594
0.08275862 -0.5580
0.08275862 -0.4565
0.08275862 -0.3551
0.08275862 -0.2536
0.08275862 -0.1522
0.08275862 -0.0507
0.08275862 0.0507
0.08275862 0.1522
0.08275862 0.2536
0.08275862 0.3551
0.08275862 0.4565
0.08275862 0.5580
0.08275862 0.6594
0.08275862 0.7609
0.08275862 0.8623
0.08275862 0.9638
0.08275862 1.0652
0.08275862 1.1667
0.08275862 1.2681
0.08275862 1.3696
0.08275862 1.4710
0.08275862 1.5725
0.08275862 1.6739
0.08275862 1.7754
0.08275862 1.8768
0.08275862 1.9783
0.08275862 2.0797
0.08275862 2.1812
0.08275862 2.2826
0.08275862 2.3841
0.08275862 2.4855
0.08275862 2.5870
0.08275862 2.6884
0.08275862 2.7899
0.08275862 2.8913
0.08275862 2.9928
0.08275862 3.0942
0.08275862 3.1957
0.08275862 3.2971
0.08275862 3.3986
0.08275862 3.5000
0.09310345 -3.5000
0.09310345 -3.3986
0.09310345 -3.2971
0.09310345 -3.1957
0.09310345 -3.0942
0.09310345 -2.9928
0.09310345 -2.8913
0.09310345 -2.7899
0.09310345 -2.6884
0.09310345 -2.5870
0.09310345 -2.4855
0.09310345 -2.3841
0.09310345 -2.2826
0.09310345 -2.1812
0.09310345 -2.0797
0.09310345 -1.9783
0.09310345 -1.8768
0.09310345 -1.7754
0.09310345 -1.6739
0.09310345 -1.5725
0.09310345 -1.4710
0.09310345 -1.3696
0.09310345 -1.2681
0.09310345 -1.1667
0.09310345 -1.0652
0.09310345 -0.9638
0.09310345 -0.8623
0.09310345 -0.7609
0.09310345 -0.6594
0.09310345 -0.5580
0.09310345 -0.4565
0.09310345 -0.3551
0.09310345 -0.2536
0.09310345 -0.1522
0.09310345 -0.0507
0.09310345 0.0507
0.09310345 0.1522
0.09310345 0.2536
0.09310345 0.3551
0.09310345 0.4565
0.09310345 0.5580
0.09310345 0.6594
0.09310345 0.7609
0.09310345 0.8623
0.09310345 0.9638
0.09310345 1.0652
0.09310345 1.1667
0.09310345 1.2681
0.09310345 1.3696
0.09310345 1.4710
0.09310345 1.5725
0.09310345 1.6739
0.09310345 1.7754
0.09310345 1.8768
0.09310345 1.9783
0.09310345 2.0797
0.09310345 2.1812
0.09310345 2.2826
0.09310345 2.3841
0.09310345 2.4855
0.09310345 2.5870
0.09310345 2.6884
0.09310345 2.7899
0.09310345 2.8913
0.09310345 2.9928
0.09310345 3.0942
0.09310345 3.1957
0.09310345 3.2971
0.09310345 3.3986
0.09310345 3.5000
0.10344828 -3.5000
0.10344828 -3.3986
0.10344828 -3.2971
0.10344828 -3.1957
0.10344828 -3.0942
0.10344828 -2.9928
0.10344828 -2.8913
0.10344828 -2.7899
0.10344828 -2.6884
0.10344828 -2.5870
0.10344828 -2.4855
0.10344828 -2.3841
0.10344828 -2.2826
0.10344828 -2.1812
0.10344828 -2.0797
0.10344828 -1.9783
0.10344828 -1.8768
0.10344828 -1.7754
0.10344828 -1.6739
0.10344828 -1.5725
0.10344828 -1.4710
0.10344828 -1.3696
0.10344828 -1.2681
0.10344828 -1.1667
0.10344828 -1.0652
0.10344828 -0.9638
0.10344828 -0.8623
0.10344828 -0.7609
0.10344828 -0.6594
0.10344828 -0.5580
0.10344828 -0.4565
0.10344828 -0.3551
0.10344828 -0.2536
0.10344828 -0.1522
0.10344828 -0.0507
0.10344828 0.0507
0.10344828 0.1522
0.10344828 0.2536
0.10344828 0.3551
0.10344828 0.4565
0.10344828 0.5580
0.10344828 0.6594
0.10344828 0.7609
0.10344828 0.8623
0.10344828 0.9638
0.10344828 1.0652
0.10344828 1.1667
0.10344828 1.2681
0.10344828 1.3696
0.10344828 1.4710
0.10344828 1.5725
0.10344828 1.6739
0.10344828 1.7754
0.10344828 1.8768
0.10344828 1.9783
0.10344828 2.0797
0.10344828 2.1812
0.10344828 2.2826
0.10344828 2.3841
0.10344828 2.4855
0.10344828 2.5870
0.10344828 2.6884
0.10344828 2.7899
0.10344828 2.8913
0.10344828 2.9928
0.10344828 3.0942
0.10344828 3.1957
0.10344828 3.2971
0.10344828 3.3986
0.10344828 3.5000
0.11379310 -3.5000
0.11379310 -3.3986
0.11379310 -3.2971
0.11379310 -3.1957
0.11379310 -3.0942
0.11379310 -2.9928
0.11379310 -2.8913
0.11379310 -2.7899
0.11379310 -2.6884
0.11379310 -2.5870
0.11379310 -2.4855
0.11379310 -2.3841
0.11379310 -2.2826
0.11379310 -2.1812
0.11379310 -2.0797
0.11379310 -1.9783
0.11379310 -1.8768
0.11379310 -1.7754
0.11379310 -1.6739
0.11379310 -1.5725
0.11379310 -1.4710
0.11379310 -1.3696
0.11379310 -1.2681
0.11379310 -1.1667
0.11379310 -1.0652
0.11379310 -0.9638
0.11379310 -0.8623
0.11379310 -0.7609
0.11379310 -0.6594
0.11379310 -0.5580
0.11379310 -0.4565
0.11379310 -0.3551
0.11379310 -0.2536
0.11379310 -0.1522
0.11379310 -0.0507
0.11379310 0.0507
0.11379310 0.1522
0.11379310 0.2536
0.11379310 0.3551
0.11379310 0.4565
0.11379310 0.5580
0.11379310 0.6594
0.11379310 0.7609
0.11379310 0.8623
0.11379310 0.9638
0.11379310 1.0652
0.11379310 1.1667
0.11379310 1.2681
0.11379310 1.3696
0.11379310 1.4710
0.11379310 1.5725
0.11379310 1.6739
0.11379310 1.7754
0.11379310 1.8768
0.11379310 1.9783
0.11379310 2.0797
0.11379310 2.1812
0.11379310 2.2826
0.11379310 2.3841
0.11379310 2.4855
0.11379310 2.5870
0.11379310 2.6884
0.11379310 2.7899
0.11379310 2.8913
0.11379310 2.9928
0.11379310 3.0942
0.11379310 3.1957
0.11379310 3.2971
0.11379310 3.3986
0.11379310 3.5000
0.12413793 -3.5000
0.12413793 -3.3986
0.12413793 -3.2971
0.12413793 -3.1957
0.12413793 -3.0942
0.12413793 -2.9928
0.12413793 -2.8913
0.12413793 -2.7899
0.12413793 -2.6884
0.12413793 -2.5870
0.12413793 -2.4855
0.12413793 -2.3841
0.12413793 -2.2826
0.12413793 -2.1812
0.12413793 -2.0797
0.12413793 -1.9783
0.12413793 -1.8768
0.12413793 -1.7754
0.12413793 -1.6739
0.12413793 -1.5725
0.12413793 -1.4710
0.12413793 -1.3696
0.12413793 -1.2681
0.12413793 -1.1667
0.12413793 -1.0652
0.12413793 -0.9638
0.12413793 -0.8623
0.12413793 -0.7609
0.12413793 -0.6594
0.12413793 -0.5580
0.12413793 -0.4565
0.12413793 -0.3551
0.12413793 -0.2536
0.12413793 -0.1522
0.12413793 -0.0507
0.12413793 0.0507
0.12413793 0.1522
0.12413793 0.2536
0.12413793 0.3551
0.12413793 0.4565
0.12413793 0.5580
0.12413793 0.6594
0.12413793 0.7609
0.12413793 0.8623
0.12413793 0.9638
0.12413793 1.0652
0.12413793 1.1667
0.12413793 1.2681
0.12413793 1.3696
0.12413793 1.4710
0.12413793 1.5725
0.12413793 1.6739
0.12413793 1.7754
0.12413793 1.8768
0.12413793 1.9783
0.12413793 2.0797
0.12413793 2.1812
0.12413793 2.2826
0.12413793 2.3841
0.12413793 2.4855
0.12413793 2.5870
0.12413793 2.6884
0.12413793 2.7899
0.12413793 2.8913
0.12413793 2.9928
0.12413793 3.0942
0.12413793 3.1957
0.12413793 3.2971
0.12413793 3.3986
0.12413793 3.5000
0.13448276 -3.5000
0.13448276 -3.3986
0.13448276 -3.2971
0.13448276 -3.1957
0.13448276 -3.0942
0.13448276 -2.9928
0.13448276 -2.8913
0.13448276 -2.7899
0.13448276 -2.6884
0.13448276 -2.5870
0.13448276 -2.4855
0.13448276 -2.3841
0.13448276 -2.2826
0.13448276 -2.1812
0.13448276 -2.0797
0.13448276 -1.9783
0.13448276 -1.8768
0.13448276 -1.7754
0.13448276 -1.6739
0.13448276 -1.5725
0.13448276 -1.4710
0.13448276 -1.3696
0.13448276 -1.2681
0.13448276 -1.1667
0.13448276 -1.0652
0.13448276 -0.9638
0.13448276 -0.8623
0.13448276 -0.7609
0.13448276 -0.6594
0.13448276 -0.5580
0.13448276 -0.4565
0.13448276 -0.3551
0.13448276 -0.2536
0.13448276 -0.1522
0.13448276 -0.0507
0.13448276 0.0507
0.13448276 0.1522
0.13448276 0.2536
0.13448276 0.3551
0.13448276 0.4565
0.13448276 0.5580
0.13448276 0.6594
0.13448276 0.7609
0.13448276 0.8623
0.13448276 0.9638
0.13448276 1.0652
0.13448276 1.1667
0.13448276 1.2681
0.13448276 1.3696
0.13448276 1.4710
0.13448276 1.5725
0.13448276 1.6739
0.13448276 1.7754
0.13448276 1.8768
0.13448276 1.9783
0.13448276 2.0797
0.13448276 2.1812
0.13448276 2.2826
0.13448276 2.3841
0.13448276 2.4855
0.13448276 2.5870
0.13448276 2.6884
0.13448276 2.7899
0.13448276 2.8913
0.13448276 2.9928
0.13448276 3.0942
0.13448276 3.1957
0.13448276 3.2971
0.13448276 3.3986
0.13448276 3.5000
0.14482759 -3.5000
0.14482759 -3.3986
0.14482759 -3.2971
0.14482759 -3.1957
0.14482759 -3.0942
0.14482759 -2.9928
0.14482759 -2.8913
0.14482759 -2.7899
0.14482759 -2.6884
0.14482759 -2.5870
0.14482759 -2.4855
0.14482759 -2.3841
0.14482759 -2.2826
0.14482759 -2.1812
0.14482759 -2.0797
0.14482759 -1.9783
0.14482759 -1.8768
0.14482759 -1.7754
0.14482759 -1.6739
0.14482759 -1.5725
0.14482759 -1.4710
0.14482759 -1.3696
0.14482759 -1.2681
0.14482759 -1.1667
0.14482759 -1.0652
0.14482759 -0.9638
0.14482759 -0.8623
0.14482759 -0.7609
0.14482759 -0.6594
0.14482759 -0.5580
0.14482759 -0.4565
0.14482759 -0.3551
0.14482759 -0.2536
0.14482759 -0.1522
0.14482759 -0.0507
0.14482759 0.0507
0.14482759 0.1522
0.14482759 0.2536
0.14482759 0.3551
0.14482759 0.4565
0.14482759 0.5580
0.14482759 0.6594
0.14482759 0.7609
0.14482759 0.8623
0.14482759 0.9638
0.14482759 1.0652
0.14482759 1.1667
0.14482759 1.2681
0.14482759 1.3696
0.14482759 1.4710
0.14482759 1.5725
0.14482759 1.6739
0.14482759 1.7754
0.14482759 1.8768
0.14482759 1.9783
0.14482759 2.0797
0.14482759 2.1812
0.14482759 2.2826
0.14482759 2.3841
0.14482759 2.4855
0.14482759 2.5870
0.14482759 2.6884
0.14482759 2.7899
0.14482759 2.8913
0.14482759 2.9928
0.14482759 3.0942
0.14482759 3.1957
0.14482759 3.2971
0.14482759 3.3986
0.14482759 3.5000
0.15517241 -3.5000
0.15517241 -3.3986
0.15517241 -3.2971
0.15517241 -3.1957
0.15517241 -3.0942
0.15517241 -2.9928
0.15517241 -2.8913
0.15517241 -2.7899
0.15517241 -2.6884
0.15517241 -2.5870
0.15517241 -2.4855
0.15517241 -2.3841
0.15517241 -2.2826
0.15517241 -2.1812
0.15517241 -2.0797
0.15517241 -1.9783
0.15517241 -1.8768
0.15517241 -1.7754
0.15517241 -1.6739
0.15517241 -1.5725
0.15517241 -1.4710
0.15517241 -1.3696
0.15517241 -1.2681
0.15517241 -1.1667
0.15517241 -1.0652
0.15517241 -0.9638
0.15517241 -0.8623
0.15517241 -0.7609
0.15517241 -0.6594
0.15517241 -0.5580
0.15517241 -0.4565
0.15517241 -0.3551
0.15517241 -0.2536
0.15517241 -0.1522
0.15517241 -0.0507
0.15517241 0.0507
0.15517241 0.1522
0.15517241 0.2536
0.15517241 0.3551
0.15517241 0.4565
0.15517241 0.5580
0.15517241 0.6594
0.15517241 0.7609
0.15517241 0.8623
0.15517241 0.9638
0.15517241 1.0652
0.15517241 1.1667
0.15517241 1.2681
0.15517241 1.3696
0.15517241 1.4710
0.15517241 1.5725
0.15517241 1.6739
0.15517241 1.7754
0.15517241 1.8768
0.15517241 1.9783
0.15517241 2.0797
0.15517241 2.1812
0.15517241 2.2826
0.15517241 2.3841
0.15517241 2.4855
0.15517241 2.5870
0.15517241 2.6884
0.15517241 2.7899
0.15517241 2.8913
0.15517241 2.9928
0.15517241 3.0942
0.15517241 3.1957
0.15517241 3.2971
0.15517241 3.3986
0.15517241 3.5000
0.16551724 -3.5000
0.16551724 -3.3986
0.16551724 -3.2971
0.16551724 -3.1957
0.16551724 -3.0942
0.16551724 -2.9928
0.16551724 -2.8913
0.16551724 -2.7899
0.16551724 -2.6884
0.16551724 -2.5870
0.16551724 -2.4855
0.16551724 -2.3841
0.16551724 -2.2826
0.16551724 -2.1812
0.16551724 -2.0797
0.16551724 -1.9783
0.16551724 -1.8768
0.16551724 -1.7754
0.16551724 -1.6739
0.16551724 -1.5725
0.16551724 -1.4710
0.16551724 -1.3696
0.16551724 -1.2681
0.16551724 -1.1667
0.16551724 -1.0652
0.16551724 -0.9638
0.16551724 -0.8623
0.16551724 -0.7609
0.16551724 -0.6594
0.16551724 -0.5580
0.16551724 -0.4565
0.16551724 -0.3551
0.16551724 -0.2536
0.16551724 -0.1522
0.16551724 -0.0507
0.16551724 0.0507
0.16551724 0.1522
0.16551724 0.2536
0.16551724 0.3551
0.16551724 0.4565
0.16551724 0.5580
0.16551724 0.6594
0.16551724 0.7609
0.16551724 0.8623
0.16551724 0.9638
0.16551724 1.0652
0.16551724 1.1667
0.16551724 1.2681
0.16551724 1.3696
0.16551724 1.4710
0.16551724 1.5725
0.16551724 1.6739
0.16551724 1.7754
0.16551724 1.8768
0.16551724 1.9783
0.16551724 2.0797
0.16551724 2.1812
0.16551724 2.2826
0.16551724 2.3841
0.16551724 2.4855
0.16551724 2.5870
0.16551724 2.6884
0.16551724 2.7899
0.16551724 2.8913
0.16551724 2.9928
0.16551724 3.0942
0.16551724 3.1957
0.16551724 3.2971
0.16551724 3.3986
0.16551724 3.5000
0.17586207 -3.5000
0.17586207 -3.3986
0.17586207 -3.2971
0.17586207 -3.1957
0.17586207 -3.0942
0.17586207 -2.9928
0.17586207 -2.8913
0.17586207 -2.7899
0.17586207 -2.6884
0.17586207 -2.5870
0.17586207 -2.4855
0.17586207 -2.3841
0.17586207 -2.2826
0.17586207 -2.1812
0.17586207 -2.0797
0.17586207 -1.9783
0.17586207 -1.8768
0.17586207 -1.7754
0.17586207 -1.6739
0.17586207 -1.5725
0.17586207 -1.4710
0.17586207 -1.3696
0.17586207 -1.2681
0.17586207 -1.1667
0.17586207 -1.0652
0.17586207 -0.9638
0.17586207 -0.8623
0.17586207 -0.7609
0.17586207 -0.6594
0.17586207 -0.5580
0.17586207 -0.4565
0.17586207 -0.3551
0.17586207 -0.2536
0.17586207 -0.1522
0.17586207 -0.0507
0.17586207 0.0507
0.17586207 0.1522
0.17586207 0.2536
0.17586207 0.3551
0.17586207 0.4565
0.17586207 0.5580
0.17586207 0.6594
0.17586207 0.7609
0.17586207 0.8623
0.17586207 0.9638
0.17586207 1.0652
0.17586207 1.1667
0.17586207 1.2681
0.17586207 1.3696
0.17586207 1.4710
0.17586207 1.5725
0.17586207 1.6739
0.17586207 1.7754
0.17586207 1.8768
0.17586207 1.9783
0.17586207 2.0797
0.17586207 2.1812
0.17586207 2.2826
0.17586207 2.3841
0.17586207 2.4855
0.17586207 2.5870
0.17586207 2.6884
0.17586207 2.7899
0.17586207 2.8913
0.17586207 2.9928
0.17586207 3.0942
0.17586207 3.1957
0.17586207 3.2971
0.17586207 3.3986
0.17586207 3.5000
0.18620690 -3.5000
0.18620690 -3.3986
0.18620690 -3.2971
0.18620690 -3.1957
0.18620690 -3.0942
0.18620690 -2.9928
0.18620690 -2.8913
0.18620690 -2.7899
0.18620690 -2.6884
0.18620690 -2.5870
0.18620690 -2.4855
0.18620690 -2.3841
0.18620690 -2.2826
0.18620690 -2.1812
0.18620690 -2.0797
0.18620690 -1.9783
0.18620690 -1.8768
0.18620690 -1.7754
0.18620690 -1.6739
0.18620690 -1.5725
0.18620690 -1.4710
0.18620690 -1.3696
0.18620690 -1.2681
0.18620690 -1.1667
0.18620690 -1.0652
0.18620690 -0.9638
0.18620690 -0.8623
0.18620690 -0.7609
0.18620690 -0.6594
0.18620690 -0.5580
0.18620690 -0.4565
0.18620690 -0.3551
0.18620690 -0.2536
0.18620690 -0.1522
0.18620690 -0.0507
0.18620690 0.0507
0.18620690 0.1522
0.18620690 0.2536
0.18620690 0.3551
0.18620690 0.4565
0.18620690 0.5580
0.18620690 0.6594
0.18620690 0.7609
0.18620690 0.8623
0.18620690 0.9638
0.18620690 1.0652
0.18620690 1.1667
0.18620690 1.2681
0.18620690 1.3696
0.18620690 1.4710
0.18620690 1.5725
0.18620690 1.6739
0.18620690 1.7754
0.18620690 1.8768
0.18620690 1.9783
0.18620690 2.0797
0.18620690 2.1812
0.18620690 2.2826
0.18620690 2.3841
0.18620690 2.4855
0.18620690 2.5870
0.18620690 2.6884
0.18620690 2.7899
0.18620690 2.8913
0.18620690 2.9928
0.18620690 3.0942
0.18620690 3.1957
0.18620690 3.2971
0.18620690 3.3986
0.18620690 3.5000
0.19655172 -3.5000
0.19655172 -3.3986
0.19655172 -3.2971
0.19655172 -3.1957
0.19655172 -3.0942
0.19655172 -2.9928
0.19655172 -2.8913
0.19655172 -2.7899
0.19655172 -2.6884
0.19655172 -2.5870
0.19655172 -2.4855
0.19655172 -2.3841
0.19655172 -2.2826
0.19655172 -2.1812
0.19655172 -2.0797
0.19655172 -1.9783
0.19655172 -1.8768
0.19655172 -1.7754
0.19655172 -1.6739
0.19655172 -1.5725
0.19655172 -1.4710
0.19655172 -1.3696
0.19655172 -1.2681
0.19655172 -1.1667
0.19655172 -1.0652
0.19655172 -0.9638
0.19655172 -0.8623
0.19655172 -0.7609
0.19655172 -0.6594
0.19655172 -0.5580
0.19655172 -0.4565
0.19655172 -0.3551
0.19655172 -0.2536
0.19655172 -0.1522
0.19655172 -0.0507
0.19655172 0.0507
0.19655172 0.1522
0.19655172 0.2536
0.19655172 0.3551
0.19655172 0.4565
0.19655172 0.5580
0.19655172 0.6594
0.19655172 0.7609
0.19655172 0.8623
0.19655172 0.9638
0.19655172 1.0652
0.19655172 1.1667
0.19655172 1.2681
0.19655172 1.3696
0.19655172 1.4710
0.19655172 1.5725
0.19655172 1.6739
0.19655172 1.7754
0.19655172 1.8768
0.19655172 1.9783
0.19655172 2.0797
0.19655172 2.1812
0.19655172 2.2826
0.19655172 2.3841
0.19655172 2.4855
0.19655172 2.5870
0.19655172 2.6884
0.19655172 2.7899
0.19655172 2.8913
0.19655172 2.9928
0.19655172 3.0942
0.19655172 3.1957
0.19655172 3.2971
0.19655172 3.3986
0.19655172 3.5000
0.20689655 -3.5000
0.20689655 -3.3986
0.20689655 -3.2971
0.20689655 -3.1957
0.20689655 -3.0942
0.20689655 -2.9928
0.20689655 -2.8913
0.20689655 -2.7899
0.20689655 -2.6884
0.20689655 -2.5870
0.20689655 -2.4855
0.20689655 -2.3841
0.20689655 -2.2826
0.20689655 -2.1812
0.20689655 -2.0797
0.20689655 -1.9783
0.20689655 -1.8768
0.20689655 -1.7754
0.20689655 -1.6739
0.20689655 -1.5725
0.20689655 -1.4710
0.20689655 -1.3696
0.20689655 -1.2681
0.20689655 -1.1667
0.20689655 -1.0652
0.20689655 -0.9638
0.20689655 -0.8623
0.20689655 -0.7609
0.20689655 -0.6594
0.20689655 -0.5580
0.20689655 -0.4565
0.20689655 -0.3551
0.20689655 -0.2536
0.20689655 -0.1522
0.20689655 -0.0507
0.20689655 0.0507
0.20689655 0.1522
0.20689655 0.2536
0.20689655 0.3551
0.20689655 0.4565
0.20689655 0.5580
0.20689655 0.6594
0.20689655 0.7609
0.20689655 0.8623
0.20689655 0.9638
0.20689655 1.0652
0.20689655 1.1667
0.20689655 1.2681
0.20689655 1.3696
0.20689655 1.4710
0.20689655 1.5725
0.20689655 1.6739
0.20689655 1.7754
0.20689655 1.8768
0.20689655 1.9783
0.20689655 2.0797
0.20689655 2.1812
0.20689655 2.2826
0.20689655 2.3841
0.20689655 2.4855
0.20689655 2.5870
0.20689655 2.6884
0.20689655 2.7899
0.20689655 2.8913
0.20689655 2.9928
0.20689655 3.0942
0.20689655 3.1957
0.20689655 3.2971
0.20689655 3.3986
0.20689655 3.5000
0.21724138 -3.5000
0.21724138 -3.3986
0.21724138 -3.2971
0.21724138 -3.1957
0.21724138 -3.0942
0.21724138 -2.9928
0.21724138 -2.8913
0.21724138 -2.7899
0.21724138 -2.6884
0.21724138 -2.5870
0.21724138 -2.4855
0.21724138 -2.3841
0.21724138 -2.2826
0.21724138 -2.1812
0.21724138 -2.0797
0.21724138 -1.9783
0.21724138 -1.8768
0.21724138 -1.7754
0.21724138 -1.6739
0.21724138 -1.5725
0.21724138 -1.4710
0.21724138 -1.3696
0.21724138 -1.2681
0.21724138 -1.1667
0.21724138 -1.0652
0.21724138 -0.9638
0.21724138 -0.8623
0.21724138 -0.7609
0.21724138 -0.6594
0.21724138 -0.5580
0.21724138 -0.4565
0.21724138 -0.3551
0.21724138 -0.2536
0.21724138 -0.1522
0.21724138 -0.0507
0.21724138 0.0507
0.21724138 0.1522
0.21724138 0.2536
0.21724138 0.3551
0.21724138 0.4565
0.21724138 0.5580
0.21724138 0.6594
0.21724138 0.7609
0.21724138 0.8623
0.21724138 0.9638
0.21724138 1.0652
0.21724138 1.1667
0.21724138 1.2681
0.21724138 1.3696
0.21724138 1.4710
0.21724138 1.5725
0.21724138 1.6739
0.21724138 1.7754
0.21724138 1.8768
0.21724138 1.9783
0.21724138 2.0797
0.21724138 2.1812
0.21724138 2.2826
0.21724138 2.3841
0.21724138 2.4855
0.21724138 2.5870
0.21724138 2.6884
0.21724138 2.7899
0.21724138 2.8913
0.21724138 2.9928
0.21724138 3.0942
0.21724138 3.1957
0.21724138 3.2971
0.21724138 3.3986
0.21724138 3.5000
0.22758621 -3.5000
0.22758621 -3.3986
0.22758621 -3.2971
0.22758621 -3.1957
0.22758621 -3.0942
0.22758621 -2.9928
0.22758621 -2.8913
0.22758621 -2.7899
0.22758621 -2.6884
0.22758621 -2.5870
0.22758621 -2.4855
0.22758621 -2.3841
0.22758621 -2.2826
0.22758621 -2.1812
0.22758621 -2.0797
0.22758621 -1.9783
0.22758621 -1.8768
0.22758621 -1.7754
0.22758621 -1.6739
0.22758621 -1.5725
0.22758621 -1.4710
0.22758621 -1.3696
0.22758621 -1.2681
0.22758621 -1.1667
0.22758621 -1.0652
0.22758621 -0.9638
0.22758621 -0.8623
0.22758621 -0.7609
0.22758621 -0.6594
0.22758621 -0.5580
0.22758621 -0.4565
0.22758621 -0.3551
0.22758621 -0.2536
0.22758621 -0.1522
0.22758621 -0.0507
0.22758621 0.0507
0.22758621 0.1522
0.22758621 0.2536
0.22758621 0.3551
0.22758621 0.4565
0.22758621 0.5580
0.22758621 0.6594
0.22758621 0.7609
0.22758621 0.8623
0.22758621 0.9638
0.22758621 1.0652
0.22758621 1.1667
0.22758621 1.2681
0.22758621 1.3696
0.22758621 1.4710
0.22758621 1.5725
0.22758621 1.6739
0.22758621 1.7754
0.22758621 1.8768
0.22758621 1.9783
0.22758621 2.0797
0.22758621 2.1812
0.22758621 2.2826
0.22758621 2.3841
0.22758621 2.4855
0.22758621 2.5870
0.22758621 2.6884
0.22758621 2.7899
0.22758621 2.8913
0.22758621 2.9928
0.22758621 3.0942
0.22758621 3.1957
0.22758621 3.2971
0.22758621 3.3986
0.22758621 3.5000
0.23793103 -3.5000
0.23793103 -3.3986
0.23793103 -3.2971
0.23793103 -3.1957
0.23793103 -3.0942
0.23793103 -2.9928
0.23793103 -2.8913
0.23793103 -2.7899
0.23793103 -2.6884
0.23793103 -2.5870
0.23793103 -2.4855
0.23793103 -2.3841
0.23793103 -2.2826
0.23793103 -2.1812
0.23793103 -2.0797
0.23793103 -1.9783
0.23793103 -1.8768
0.23793103 -1.7754
0.23793103 -1.6739
0.23793103 -1.5725
0.23793103 -1.4710
0.23793103 -1.3696
0.23793103 -1.2681
0.23793103 -1.1667
0.23793103 -1.0652
0.23793103 -0.9638
0.23793103 -0.8623
0.23793103 -0.7609
0.23793103 -0.6594
0.23793103 -0.5580
0.23793103 -0.4565
0.23793103 -0.3551
0.23793103 -0.2536
0.23793103 -0.1522
0.23793103 -0.0507
0.23793103 0.0507
0.23793103 0.1522
0.23793103 0.2536
0.23793103 0.3551
0.23793103 0.4565
0.23793103 0.5580
0.23793103 0.6594
0.23793103 0.7609
0.23793103 0.8623
0.23793103 0.9638
0.23793103 1.0652
0.23793103 1.1667
0.23793103 1.2681
0.23793103 1.3696
0.23793103 1.4710
0.23793103 1.5725
0.23793103 1.6739
0.23793103 1.7754
0.23793103 1.8768
0.23793103 1.9783
0.23793103 2.0797
0.23793103 2.1812
0.23793103 2.2826
0.23793103 2.3841
0.23793103 2.4855
0.23793103 2.5870
0.23793103 2.6884
0.23793103 2.7899
0.23793103 2.8913
0.23793103 2.9928
0.23793103 3.0942
0.23793103 3.1957
0.23793103 3.2971
0.23793103 3.3986
0.23793103 3.5000
0.24827586 -3.5000
0.24827586 -3.3986
0.24827586 -3.2971
0.24827586 -3.1957
0.24827586 -3.0942
0.24827586 -2.9928
0.24827586 -2.8913
0.24827586 -2.7899
0.24827586 -2.6884
0.24827586 -2.5870
0.24827586 -2.4855
0.24827586 -2.3841
0.24827586 -2.2826
0.24827586 -2.1812
0.24827586 -2.0797
0.24827586 -1.9783
0.24827586 -1.8768
0.24827586 -1.7754
0.24827586 -1.6739
0.24827586 -1.5725
0.24827586 -1.4710
0.24827586 -1.3696
0.24827586 -1.2681
0.24827586 -1.1667
0.24827586 -1.0652
0.24827586 -0.9638
0.24827586 -0.8623
0.24827586 -0.7609
0.24827586 -0.6594
0.24827586 -0.5580
0.24827586 -0.4565
0.24827586 -0.3551
0.24827586 -0.2536
0.24827586 -0.1522
0.24827586 -0.0507
0.24827586 0.0507
0.24827586 0.1522
0.24827586 0.2536
0.24827586 0.3551
0.24827586 0.4565
0.24827586 0.5580
0.24827586 0.6594
0.24827586 0.7609
0.24827586 0.8623
0.24827586 0.9638
0.24827586 1.0652
0.24827586 1.1667
0.24827586 1.2681
0.24827586 1.3696
0.24827586 1.4710
0.24827586 1.5725
0.24827586 1.6739
0.24827586 1.7754
0.24827586 1.8768
0.24827586 1.9783
0.24827586 2.0797
0.24827586 2.1812
0.24827586 2.2826
0.24827586 2.3841
0.24827586 2.4855
0.24827586 2.5870
0.24827586 2.6884
0.24827586 2.7899
0.24827586 2.8913
0.24827586 2.9928
0.24827586 3.0942
0.24827586 3.1957
0.24827586 3.2971
0.24827586 3.3986
0.24827586 3.5000
0.25862069 -3.5000
0.25862069 -3.3986
0.25862069 -3.2971
0.25862069 -3.1957
0.25862069 -3.0942
0.25862069 -2.9928
0.25862069 -2.8913
0.25862069 -2.7899
0.25862069 -2.6884
0.25862069 -2.5870
0.25862069 -2.4855
0.25862069 -2.3841
0.25862069 -2.2826
0.25862069 -2.1812
0.25862069 -2.0797
0.25862069 -1.9783
0.25862069 -1.8768
0.25862069 -1.7754
0.25862069 -1.6739
0.25862069 -1.5725
0.25862069 -1.4710
0.25862069 -1.3696
0.25862069 -1.2681
0.25862069 -1.1667
0.25862069 -1.0652
0.25862069 -0.9638
0.25862069 -0.8623
0.25862069 -0.7609
0.25862069 -0.6594
0.25862069 -0.5580
0.25862069 -0.4565
0.25862069 -0.3551
0.25862069 -0.2536
0.25862069 -0.1522
0.25862069 -0.0507
0.25862069 0.0507
0.25862069 0.1522
0.25862069 0.2536
0.25862069 0.3551
0.25862069 0.4565
0.25862069 0.5580
0.25862069 0.6594
0.25862069 0.7609
0.25862069 0.8623
0.25862069 0.9638
0.25862069 1.0652
0.25862069 1.1667
0.25862069 1.2681
0.25862069 1.3696
0.25862069 1.4710
0.25862069 1.5725
0.25862069 1.6739
0.25862069 1.7754
0.25862069 1.8768
0.25862069 1.9783
0.25862069 2.0797
0.25862069 2.1812
0.25862069 2.2826
0.25862069 2.3841
0.25862069 2.4855
0.25862069 2.5870
0.25862069 2.6884
0.25862069 2.7899
0.25862069 2.8913
0.25862069 2.9928
0.25862069 3.0942
0.25862069 3.1957
0.25862069 3.2971
0.25862069 3.3986
0.25862069 3.5000
0.26896552 -3.5000
0.26896552 -3.3986
0.26896552 -3.2971
0.26896552 -3.1957
0.26896552 -3.0942
0.26896552 -2.9928
0.26896552 -2.8913
0.26896552 -2.7899
0.26896552 -2.6884
0.26896552 -2.5870
0.26896552 -2.4855
0.26896552 -2.3841
0.26896552 -2.2826
0.26896552 -2.1812
0.26896552 -2.0797
0.26896552 -1.9783
0.26896552 -1.8768
0.26896552 -1.7754
0.26896552 -1.6739
0.26896552 -1.5725
0.26896552 -1.4710
0.26896552 -1.3696
0.26896552 -1.2681
0.26896552 -1.1667
0.26896552 -1.0652
0.26896552 -0.9638
0.26896552 -0.8623
0.26896552 -0.7609
0.26896552 -0.6594
0.26896552 -0.5580
0.26896552 -0.4565
0.26896552 -0.3551
0.26896552 -0.2536
0.26896552 -0.1522
0.26896552 -0.0507
0.26896552 0.0507
0.26896552 0.1522
0.26896552 0.2536
0.26896552 0.3551
0.26896552 0.4565
0.26896552 0.5580
0.26896552 0.6594
0.26896552 0.7609
0.26896552 0.8623
0.26896552 0.9638
0.26896552 1.0652
0.26896552 1.1667
0.26896552 1.2681
0.26896552 1.3696
0.26896552 1.4710
0.26896552 1.5725
0.26896552 1.6739
0.26896552 1.7754
0.26896552 1.8768
0.26896552 1.9783
0.26896552 2.0797
0.26896552 2.1812
0.26896552 2.2826
0.26896552 2.3841
0.26896552 2.4855
0.26896552 2.5870
0.26896552 2.6884
0.26896552 2.7899
0.26896552 2.8913
0.26896552 2.9928
0.26896552 3.0942
0.26896552 3.1957
0.26896552 3.2971
0.26896552 3.3986
0.26896552 3.5000
0.27931034 -3.5000
0.27931034 -3.3986
0.27931034 -3.2971
0.27931034 -3.1957
0.27931034 -3.0942
0.27931034 -2.9928
0.27931034 -2.8913
0.27931034 -2.7899
0.27931034 -2.6884
0.27931034 -2.5870
0.27931034 -2.4855
0.27931034 -2.3841
0.27931034 -2.2826
0.27931034 -2.1812
0.27931034 -2.0797
0.27931034 -1.9783
0.27931034 -1.8768
0.27931034 -1.7754
0.27931034 -1.6739
0.27931034 -1.5725
0.27931034 -1.4710
0.27931034 -1.3696
0.27931034 -1.2681
0.27931034 -1.1667
0.27931034 -1.0652
0.27931034 -0.9638
0.27931034 -0.8623
0.27931034 -0.7609
0.27931034 -0.6594
0.27931034 -0.5580
0.27931034 -0.4565
0.27931034 -0.3551
0.27931034 -0.2536
0.27931034 -0.1522
0.27931034 -0.0507
0.27931034 0.0507
0.27931034 0.1522
0.27931034 0.2536
0.27931034 0.3551
0.27931034 0.4565
0.27931034 0.5580
0.27931034 0.6594
0.27931034 0.7609
0.27931034 0.8623
0.27931034 0.9638
0.27931034 1.0652
0.27931034 1.1667
0.27931034 1.2681
0.27931034 1.3696
0.27931034 1.4710
0.27931034 1.5725
0.27931034 1.6739
0.27931034 1.7754
0.27931034 1.8768
0.27931034 1.9783
0.27931034 2.0797
0.27931034 2.1812
0.27931034 2.2826
0.27931034 2.3841
0.27931034 2.4855
0.27931034 2.5870
0.27931034 2.6884
0.27931034 2.7899
0.27931034 2.8913
0.27931034 2.9928
0.27931034 3.0942
0.27931034 3.1957
0.27931034 3.2971
0.27931034 3.3986
0.27931034 3.5000
0.28965517 -3.5000
0.28965517 -3.3986
0.28965517 -3.2971
0.28965517 -3.1957
0.28965517 -3.0942
0.28965517 -2.9928
0.28965517 -2.8913
0.28965517 -2.7899
0.28965517 -2.6884
0.28965517 -2.5870
0.28965517 -2.4855
0.28965517 -2.3841
0.28965517 -2.2826
0.28965517 -2.1812
0.28965517 -2.0797
0.28965517 -1.9783
0.28965517 -1.8768
0.28965517 -1.7754
0.28965517 -1.6739
0.28965517 -1.5725
0.28965517 -1.4710
0.28965517 -1.3696
0.28965517 -1.2681
0.28965517 -1.1667
0.28965517 -1.0652
0.28965517 -0.9638
0.28965517 -0.8623
0.28965517 -0.7609
0.28965517 -0.6594
0.28965517 -0.5580
0.28965517 -0.4565
0.28965517 -0.3551
0.28965517 -0.2536
0.28965517 -0.1522
0.28965517 -0.0507
0.28965517 0.0507
0.28965517 0.1522
0.28965517 0.2536
0.28965517 0.3551
0.28965517 0.4565
0.28965517 0.5580
0.28965517 0.6594
0.28965517 0.7609
0.28965517 0.8623
0.28965517 0.9638
0.28965517 1.0652
0.28965517 1.1667
0.28965517 1.2681
0.28965517 1.3696
0.28965517 1.4710
0.28965517 1.5725
0.28965517 1.6739
0.28965517 1.7754
0.28965517 1.8768
0.28965517 1.9783
0.28965517 2.0797
0.28965517 2.1812
0.28965517 2.2826
0.28965517 2.3841
0.28965517 2.4855
0.28965517 2.5870
0.28965517 2.6884
0.28965517 2.7899
0.28965517 2.8913
0.28965517 2.9928
0.28965517 3.0942
0.28965517 3.1957
0.28965517 3.2971
0.28965517 3.3986
0.28965517 3.5000
0.30000000 -3.5000
0.30000000 -3.3986
0.30000000 -3.2971
0.30000000 -3.1957
0.30000000 -3.0942
0.30000000 -2.9928
0.30000000 -2.8913
0.30000000 -2.7899
0.30000000 -2.6884
0.30000000 -2.5870
0.30000000 -2.4855
0.30000000 -2.3841
0.30000000 -2.2826
0.30000000 -2.1812
0.30000000 -2.0797
0.30000000 -1.9783
0.30000000 -1.8768
0.30000000 -1.7754
0.30000000 -1.6739
0.30000000 -1.5725
0.30000000 -1.4710
0.30000000 -1.3696
0.30000000 -1.2681
0.30000000 -1.1667
0.30000000 -1.0652
0.30000000 -0.9638
0.30000000 -0.8623
0.30000000 -0.7609
0.30000000 -0.6594
0.30000000 -0.5580
0.30000000 -0.4565
0.30000000 -0.3551
0.30000000 -0.2536
0.30000000 -0.1522
0.30000000 -0.0507
0.30000000 0.0507
0.30000000 0.1522
0.30000000 0.2536
0.30000000 0.3551
0.30000000 0.4565
0.30000000 0.5580
0.30000000 0.6594
0.30000000 0.7609
0.30000000 0.8623
0.30000000 0.9638
0.30000000 1.0652
0.30000000 1.1667
0.30000000 1.2681
0.30000000 1.3696
0.30000000 1.4710
0.30000000 1.5725
0.30000000 1.6739
0.30000000 1.7754
0.30000000 1.8768
0.30000000 1.9783
0.30000000 2.0797
0.30000000 2.1812
0.30000000 2.2826
0.30000000 2.3841
0.30000000 2.4855
0.30000000 2.5870
0.30000000 2.6884
0.30000000 2.7899
0.30000000 2.8913
0.30000000 2.9928
0.30000000 3.0942
0.30000000 3.1957
0.30000000 3.2971
0.30000000 3.3986
0.30000000 3.5000
