0.00000000
0.00408163
0.00816327
0.01224490
0.01632653
0.02040816
0.02448980
0.02857143
0.03265306
0.03673469
0.04081633
0.04489796
0.04897959
0.05306122
0.05714286
0.06122449
0.06530612
0.06938776
0.07346939
0.07755102
0.08163265
0.08571429
0.08979592
0.09387755
0.09795918
0.10204082
0.10612245
0.11020408
0.11428571
0.11836735
0.12244898
0.12653061
0.13061224
0.13469388
0.13877551
0.14285714
0.14693878
0.15102041
0.15510204
0.15918367
0.16326531
0.16734694
0.17142857
0.17551020
0.17959184
0.18367347
0.18775510
0.19183673
0.19591837
0.20000000
0.20416667
0.20833333
0.21250000
0.21666667
0.22083333
0.22500000
0.22916667
0.23333333
0.23750000
0.24166667
0.24583333
0.25000000
0.25416667
0.25833333
0.26250000
0.26666667
0.27083333
0.27500000
0.27916667
0.28333333
0.28750000
0.29166667
0.29583333
0.30000000
